18000
8868 12942
7041 8144
14635 10555
15755 15875
17395 4126
6016 14694
8241 2326
16405 1807
5325 15266
3924 12547
11220 8760
15760 15706
3942 10987
5214 17935
10510 2592
11431 379
13059 11519
12644 1564
8960 8698
8271 7135
962 3656
10734 12184
4636 5881
3173 15670
14319 8659
14372 7502
15624 16563
1768 5903
16413 17664
10136 13850
5646 14665
6930 7607
16118 17272
6002 388
3207 4873
5443 7507
715 10222
3863 15746
8033 16514
15275 5334
4369 11409
17981 10794
6730 12299
7268 7164
13848 14827
12502 306
14779 1115
11690 15988
1808 11381
16641 9708
12114 15014
650 8365
12439 3578
1395 12507
3988 399
8067 4844
8877 8867
12460 581
9245 8818
15608 4895
13375 15538
11482 5786
15858 165
14855 4945
5605 10550
10677 13122
11593 3356
9847 5099
10000 16882
4716 17431
6787 17939
6027 6818
3448 5204
5770 14602
2248 17986
4829 5624
983 4186
856 6609
3372 13448
13887 13453
2374 12570
4610 12328
4172 7467
11041 746
4589 9807
4140 372
13950 7858
777 9296
17708 8711
13869 11848
6797 3576
194 13990
2462 11480
16854 2298
603 482
5056 5556
12476 1080
14800 11
4042 6033
16368 2019
7996 4890
7783 6654
13895 4451
11661 7654
3017 15030
16260 11181
5872 16046
5176 6952
12620 7444
7223 13029
16515 3379
14024 12685
13277 4378
14290 1894
13222 8924
16593 14322
4897 8157
15860 11633
15058 17688
16565 3341
10964 4320
9634 9407
8152 17875
3036 14071
3846 3797
12126 4689
563 15521
11276 13778
3051 15416
7777 16609
16149 8089
6466 6401
3259 4000
13758 1949
3407 6322
14153 627
2623 12734
1197 976
16125 2111
14181 11486
12850 1323
10450 14452
15800 1611
11494 17231
17639 3996
16937 15241
12249 10609
4627 13782
3514 13907
7186 10031
11646 2373
16007 4580
11822 14397
701 11196
12952 16305
12465 10541
3894 7956
2014 9402
9977 17400
15205 5253
17564 1906
16625 12754
2043 6700
8197 7407
7319 7034
928 7865
11862 16187
15175 7512
16358 6710
13037 13144
1914 8889
14982 14941
8185 6110
13924 4573
2241 7098
17511 1683
13123 17807
5982 6595
9590 4449
6202 12848
6145 3713
12960 6234
5114 15603
1540 7183
1780 6038
6570 15862
4943 4976
10683 13380
7961 7204
6963 16775
16035 12971
14860 5892
8820 1971
1559 10444
11717 2338
186 9516
11059 5160
2797 8276
4838 4554
4517 10373
1997 14232
3079 7628
15208 10949
10300 11456
3616 12537
12890 10203
11632 6905
13223 13391
693 8874
4870 11028
17560 16508
4685 11273
3812 11544
15687 6736
11270 458
6709 3125
13590 13833
14701 1923
10631 12016
1889 9312
10779 12760
16243 15544
1250 3004
3018 15956
7208 17214
5378 2609
10379 11595
13280 2889
8237 335
3247 14852
11294 9054
17317 17213
14756 14894
1999 1800
6782 16907
10321 4189
5537 7307
16307 8677
12312 8833
17350 17716
7802 1715
15104 2548
7567 12911
9525 2357
4885 16429
3039 9655
187 11326
921 15430
1837 12782
8474 12025
13797 16681
8158 17754
3556 3662
10969 5134
1371 13930
5736 10137
2658 7202
14154 6765
5007 12506
1169 275
16251 4060
2190 10628
2715 6189
12995 17327
5311 7641
6798 906
6151 5626
13826 4543
15481 2787
12689 15958
3507 6483
8043 12891
13847 5831
8810 9854
1175 14923
8458 9447
8463 4680
8968 12664
4106 4586
7483 10198
11097 5310
9691 9358
17602 9167
5681 17694
10409 4608
10256 15992
2883 6583
15975 16010
4176 8255
16548 8915
9301 2243
2499 15714
7534 15661
16815 12577
17314 13066
9446 3461
6931 9609
8980 3115
2886 11021
1439 13720
13683 3108
6130 8720
3043 13731
1962 15831
11161 12944
9132 2232
7095 181
234 10182
9413 9751
12397 8480
4269 12336
11188 10626
16818 2230
17827 5508
1388 14045
1602 6384
1795 5993
13434 16062
16636 891
13742 10337
11278 6444
1451 12823
12388 8824
16906 3593
14194 11424
1928 16214
8763 6008
4450 1383
1339 16041
14412 16218
15811 6627
6817 7984
16873 2813
15929 4497
3009 99
17962 885
15916 7988
3854 11378
13336 14749
16410 5274
8191 9455
6739 14104
4949 10184
8982 15898
9638 10697
16374 10215
12968 2724
12339 1363
14961 8040
13526 13186
17051 3176
17733 8941
13888 15774
8965 12773
3878 17316
4590 16977
13190 3422
11368 2980
9650 8605
11528 14766
10066 11586
431 6784
2079 12665
14770 13290
5803 9716
9891 9217
6605 10858
2554 7817
9022 15642
8359 1213
10866 7773
13360 12200
14660 6567
8964 17466
10288 16124
14302 7951
9010 12888
10902 3082
14638 9569
7731 17755
9482 4277
11737 6147
1750 17539
14937 3375
11803 16213
12478 17038
14083 12254
7929 9952
3364 14926
4019 4352
17172 1277
13160 15037
10472 16224
17710 12528
6975 14366
6852 3301
14195 9037
5038 12365
6379 12977
12973 637
1834 16024
6349 5321
7004 12190
9082 14026
7031 5224
13439 13405
1867 8531
4939 14984
15835 8906
15060 1515
8700 3397
2017 6108
7136 13419
17913 5946
11173 1086
10362 10962
4489 7591
10103 1353
4211 14950
3761 16005
784 6849
12247 4619
6080 16147
16497 5902
16883 2979
8771 2233
14715 4851
17156 1518
3631 17607
16161 17179
6347 4281
7150 11818
11138 840
13147 1463
8281 1151
954 1399
9340 82
10017 1524
5662 14874
14014 8160
6230 17075
12783 5086
4086 1498
7395 17344
17622 2291
14356 7717
17784 16427
3575 4394
13119 11212
1124 2282
12407 14219
15970 6581
8647 15193
4056 4946
4684 10828
1882 16298
6957 16315
6238 6594
6463 2441
1738 7668
12355 14170
7653 14678
17901 9619
8983 2626
1985 3287
15638 5835
14980 264
9238 2970
2501 8240
3623 13792
12223 3366
15880 14903
7873 8518
3429 3517
17229 124
11681 126
15618 4763
13381 17261
6629 17186
8712 11328
12031 12167
14112 16554
3271 4840
15948 16756
2449 11172
6140 6154
16945 4009
14693 9265
7369 17049
16922 4621
732 6747
4248 118
947 12172
15993 10199
10647 10234
5417 11772
15953 11236
12757 5082
7738 6520
15069 1443
9213 4947
17895 12702
13053 9504
8666 2405
5660 352
15710 775
5723 16679
6170 15920
1774 4046
16192 13736
17083 8686
9781 5179
10271 3690
11797 8162
330 7989
5669 7055
1603 11314
5145 1283
14994 135
10164 17866
17730 3528
4010 15280
15509 8444
3896 1156
12638 16851
14599 688
4123 7099
1927 9613
3546 16475
6496 15684
1975 818
1088 14369
13768 11676
12675 4509
5848 13330
7230 16746
14444 11343
2671 7936
13341 3584
3357 13440
3240 3841
5677 12709
6294 9086
1433 3345
14034 12151
1364 15349
2851 448
902 4569
1503 15601
4079 15476
4098 15415
16100 5921
10116 945
10726 8607
17952 14458
14526 5466
15946 12629
3189 7826
12451 7294
4264 8464
5671 15753
8367 14416
4093 11991
12828 5608
1871 13545
6670 8057
12010 2767
16121 17844
8125 8658
7279 4615
5513 4417
4330 11678
10526 6825
10682 1672
4715 3887
13639 10722
12139 14649
14347 3308
6566 13417
14560 5495
964 3063
988 6835
9624 551
3564 14382
14546 14971
614 11375
15602 218
3847 11001
12079 7563
5663 3261
8353 2223
5485 5541
13678 17829
3859 289
776 2795
16680 8859
10635 15191
9143 16301
14260 6928
15106 10111
404 7852
13885 7584
13721 9644
8368 11585
5216 1891
6343 12889
8967 16591
17690 4094
17293 7569
2215 5821
14625 14892
4162 7978
9919 9360
1965 14632
226 3701
9995 9851
2145 222
17071 12852
17853 16540
199 3883
761 13593
3145 10109
17032 5679
1071 4368
3452 9160
2500 9480
13206 6034
12186 4407
14236 15570
3978 1485
15950 6327
5382 12222
1440 14835
1178 4002
5623 11324
16473 11727
7915 10702
17958 676
5332 8741
10847 5011
1223 949
1696 11918
8949 4268
5952 2884
11895 14479
16952 7388
6964 16534
11122 16317
7885 1446
3952 16849
5520 11639
6813 10166
12710 1662
12493 12901
12566 6336
15641 12909
3245 10511
7578 98
657 3551
14867 14895
1594 8823
5798 4138
6364 3814
8582 4805
9453 3256
299 2720
17127 12523
9032 17191
16466 9468
5518 1804
2252 16401
4660 16793
12463 10347
16662 9399
15902 4747
11728 3438
9243 11255
4225 17888
4874 12791
13881 12073
995 5515
12026 12551
13946 9357
5155 12006
10645 15215
8504 13467
2537 9416
12532 10008
2753 4292
7982 8291
17426 7840
10873 11448
5665 4889
9117 16372
12748 10149
7316 16469
4602 5128
7020 4869
15767 46
10581 3876
11081 4304
7240 8030
5937 2502
562 15461
1021 5280
7385 12242
1848 3226
7337 3875
10028 17230
5930 9965
5670 13705
14021 5374
2260 1493
16659 109
11298 9198
14757 7128
5017 4297
14989 10123
10117 8242
2105 11824
1122 8422
13710 3586
9080 9915
9960 3842
7727 10627
7251 17062
7263 8337
11407 7833
2751 12612
12386 2463
14646 15059
15857 869
13263 3344
13527 6733
5437 15116
12367 836
9272 2442
7875 7117
826 10762
17514 952
11592 8931
14210 14166
5202 7896
4314 4835
17121 6886
2428 557
2661 15795
13116 7481
14392 2741
2784 486
8584 7704
4256 2408
4346 14933
14471 12080
10519 5501
17119 14468
10566 4605
12326 12561
14220 15821
15364 9235
4625 2546
440 13374
3848 157
11928 1100
13378 8989
17363 11584
11891 15563
223 17183
16110 9375
3059 17821
3785 10539
9528 17914
12281 2944
13532 15914
13756 288
14503 105
13070 10825
7571 14215
14473 15913
12325 6195
4013 13146
9535 12171
4430 3120
5210 4127
8688 11665
8456 16090
7529 16338
14197 9118
5300 13760
2827 12013
13418 15263
2343 12693
10065 14243
6359 7744
4601 16903
3219 15293
7332 17227
14578 16828
6909 6066
3294 1858
10419 10906
14959 2847
6688 16509
3045 14133
12504 4151
3893 2262
15051 10491
16028 751
11108 606
150 15560
10843 12263
3291 8450
2012 6752
5107 15367
14144 9856
3137 6
369 6593
16963 1956
6750 2837
1798 5317
11158 9396
10943 5852
3665 3870
14659 130
1973 11660
11958 6084
4729 3626
178 7284
15262 15524
14628 8769
624 14269
11076 5743
3639 4379
13025 3127
17659 13739
11075 12531
6793 14814
16579 15886
6841 9796
17298 7264
1295 6810
10490 16245
3906 141
11621 15469
14044 4810
8220 10376
631 4048
13764 16723
7035 11356
8053 16814
2167 16450
17481 10885
11168 3387
10542 5587
9558 4235
16153 5773
7871 5591
13737 2031
10658 7838
15361 14158
13773 876
2218 10908
16039 7638
16688 7542
3735 6773
5829 10710
8131 15214
5733 9726
12835 12127
17352 16993
3787 12580
11352 15181
16978 7199
5213 17947
1628 1773
12591 5526
867 17072
10936 8759
16989 17973
15434 12630
7030 17417
6737 11408
9171 11713
17030 13238
1593 12341
11147 6199
5716 265
14244 11955
5077 7391
15179 7073
5019 11980
6577 12225
3667 1081
13017 6719
17143 12756
3467 13554
16016 9383
11589 17226
12559 2097
3168 14631
7093 15567
4571 15354
13074 9678
476 4544
8153 8243
17566 7145
5087 10433
3671 14688
15444 1370
16231 17176
16519 13497
2067 5022
6725 10795
11208 15954
4728 12867
11946 17759
17808 16702
3709 6134
1313 17663
9940 8642
4038 13234
10365 12658
14781 10155
11312 16800
1576 10185
11671 1644
15989 14142
13820 1084
871 4027
11936 9625
9334 13142
13200 13020
4913 14811
9956 3275
1375 8226
5988 13427
13896 10257
17013 10434
2617 10247
16068 12508
3427 7300
16694 12430
16179 2771
14743 4455
14633 2600
9937 12276
3080 7737
4160 10930
10086 12839
53 11157
1110 3801
9030 10387
3645 11583
14530 5553
13814 5341
3493 3714
17508 12739
12872 7681
12796 17532
14122 5108
3558 9459
15505 11763
11994 4148
5343 3075
1472 15704
4767 4523
3810 7629
16059 12972
183 1389
13765 860
15697 14316
13612 14323
6794 2033
5976 12136
5467 15224
4682 45
10139 8790
7315 6251
10289 15969
1509 5824
10840 17286
12304 12814
14641 1646
2588 15977
14673 736
14707 1317
10953 5140
12881 7756
2982 13663
3117 17310
3382 8864
7379 15543
13013 1380
14878 8355
10498 16701
525 13372
10021 9026
9020 10013
3871 3042
10294 10740
4666 13774
578 13629
5697 1849
2114 12161
2768 1214
13051 2866
7803 3463
48 9997
8530 9839
11834 17738
7365 1803
2942 1725
15242 2810
5516 17360
10177 14559
13114 7809
13643 4849
219 15009
3161 9817
4383 11913
966 6922
15944 9113
13985 5010
1627 4759
2874 12749
8039 17548
4891 10390
14515 7103
4783 14630
6417 13769
1311 4812
4062 877
15459 17445
4041 16265
6313 8056
12090 831
430 15302
5464 15464
10815 4535
15672 17162
8843 920
9451 6426
4401 13101
11930 4001
16874 12746
15421 2935
16027 11290
4841 1845
6345 5527
7566 3541
6323 13296
1551 13455
11268 8795
15575 3600
15455 8439
7113 7457
10668 6544
16045 11211
14401 6216
13256 6237
13998 322
5720 9006
8003 8909
13055 15620
9384 17475
10134 4109
3712 10744
1661 324
11296 8671
16791 9197
12687 2928
1917 14058
14587 8828
10055 6484
3377 14030
12084 843
4370 8169
12125 8247
2930 2173
1741 14015
13863 14970
8196 15413
13632 4818
8245 3270
7689 3044
14042 16753
12344 16367
11061 8524
7997 9462
12572 12599
13117 5674
10495 16436
16537 8341
16653 2219
11184 11266
9845 7156
17649 4780
5269 8338
16247 11466
6131 9744
13293 13755
16109 3740
1625 12938
17744 7363
11289 4226
3889 3979
743 2124
6068 4400
5037 7338
12087 2521
15829 1659
6416 4558
16229 10747
3825 14862
6390 1656
9479 11667
10913 1641
11230 2475
12391 17458
15657 7175
17689 201
7170 8481
5448 1860
6935 9515
294 6105
16741 17182
10559 2433
6533 15403
5745 13902
13788 3184
10728 16990
13394 15143
10264 224
10569 7710
6501 13671
5122 16911
4576 10652
8919 6858
5173 13310
14710 14427
9276 7122
8189 12356
6377 17372
5621 11045
2652 13730
11483 4447
10903 9502
15184 3434
5576 17650
8860 3636
7952 14834
5150 14543
12426 5339
5859 14778
7856 9237
11756 5544
3959 12450
17373 9071
11701 2247
14759 9801
5246 5853
7924 629
5992 7760
17026 5667
13948 17766
11400 10838
14275 4087
8176 10713
8617 14255
8110 9179
310 4860
295 3295
16402 10748
10078 3488
7658 1386
12316 4428
6607 134
15348 158
8844 4122
12255 16827
3165 1707
12117 6192
9391 864
14574 1006
17618 7092
5528 5767
12751 2599
6903 13572
17333 14807
1044 9964
13875 654
2921 8696
6367 5414
4222 14252
17781 4930
4987 12598
4037 11283
3193 5123
4249 1125
3103 7504
9161 7544
7798 15673
8400 5164
3707 13999
474 3058
7442 15606
1876 13495
1417 4515
14184 7046
16440 12988
1468 11238
7131 17391
15326 16157
13690 13284
7477 11442
1270 5614
4737 905
5152 2936
1924 1447
5871 6761
16878 14172
12544 10374
209 3179
2540 3203
16465 9975
17198 13110
8372 4157
9804 17066
15794 15838
689 4678
811 14563
6139 11608
6712 6806
2693 13735
1252 10261
8467 12912
15334 14965
14876 1280
1297 17903
390 8080
16623 10543
12183 10663
9754 6450
10605 17101
5933 9508
3745 13595
1272 2776
243 7322
7902 1336
14336 8812
12576 2098
9279 16567
9606 9713
7519 9262
4388 10323
9749 3153
14549 3180
9972 5267
8559 11402
2004 14510
1262 14152
16557 10639
15927 12982
16478 4125
7018 11386
11649 11784
17243 9204
4505 17626
5986 8923
8288 6340
5850 4663
56 5581
13562 5250
10932 13472
3360 251
14331 15083
6481 10212
3479 2427
16923 4698
11498 10577
10532 4347
978 5251
9607 12000
5580 6211
6840 14733
13997 15449
7659 5260
13289 1325
3447 17846
5625 13799
6947 3609
9378 12539
4275 6887
2789 2207
17208 2245
14120 8190
14784 2376
8486 12241
2386 17250
7065 15778
3518 3025
87 13988
9740 7656
15124 10580
426 10715
2171 3949
5696 727
8227 15082
6482 12298
7151 10803
8490 14830
12509 4476
6540 4295
10042 15973
4677 515
14737 3529
16442 12107
3823 11070
16148 12619
17218 4215
2760 11852
9263 16717
6638 13695
17307 17408
10614 8683
15682 11666
977 5085
15244 4595
1097 7943
3622 7524
16479 15764
15915 970
15219 11524
2099 9180
13015 11249
15681 3021
5653 17285
12421 12196
8361 9827
1724 4507
7001 3734
5751 9563
12427 10332
11214 16531
698 9581
9038 3457
16256 9670
3024 9215
4832 1368
9490 3458
4821 13183
10041 8316
8721 17677
11527 9332
7084 14352
6535 8282
8672 6244
16506 6346
14775 5063
14307 14096
9645 13670
15422 6263
4198 12864
14476 2687
12279 17576
14363 1150
15823 16668
4110 17852
14493 12371
15637 655
9370 4653
17819 5185
13969 2058
17990 2770
15387 4495
1279 13068
2569 3072
4772 14057
13229 11858
9219 10872
13042 1063
16715 987
7317 2766
12066 17578
5934 13399
1087 1582
1037 16347
7667 3435
9647 12550
13711 16095
3581 7312
2091 4951
7622 9568
4278 11210
14544 17322
6557 14256
6035 16786
12830 3737
10287 11282
3708 17504
5427 12636
568 8174
9043 8571
1053 10395
11565 11023
8079 10089
270 3325
5725 4217
15118 10458
10995 11705
7800 6395
5196 16871
1381 855
15840 15086
14787 5790
3755 1539
5558 11569
17336 15703
13659 3966
10567 2100
5629 3013
11388 14007
4799 11137
12181 13759
5512 13956
13185 15484
14110 16319
5927 14589
3548 5067
9844 4265
15136 5026
11510 16655
13240 4243
6766 16574
2834 9035
8986 11243
1544 13060
12729 15091
15733 11202
11945 6882
17922 10426
17346 9211
9187 6653
12527 7256
15698 15050
2593 11734
293 14069
17366 13031
6894 9587
15026 6473
8695 5926
3900 16342
13867 9601
6113 17044
17883 14616
5071 7427
3762 7402
12892 15792
15357 12093
10092 394
2757 9351
742 15400
5554 11580
3155 12725
12810 17525
1211 11277
7823 3573
8412 547
14755 17276
2590 7119
1742 384
8708 4354
3538 7179
6945 11350
15591 8598
2092 11406
7392 17440
7787 16991
11490 2363
5761 11725
13908 7124
4582 2456
13830 17752
10463 3279
11125 11256
9157 7918
14511 17252
9068 2721
1616 11849
11201 12610
14019 13994
14905 5133
3315 2722
10662 8900
10476 8881
8399 7819
4296 6472
16154 16656
16134 9878
405 10598
7225 514
15632 12059
10549 13274
14645 17502
6740 5408
4960 2196
10115 10346
10058 17994
9553 10521
6069 3940
3350 13003
16312 1607
14899 10281
10759 10600
365 7564
7677 13450
10887 8627
10194 15579
6680 11793
81 7735
13552 8239
8413 8366
3150 4119
12967 10926
7945 1831
9048 12077
16277 17171
9345 1024
10989 10298
13501 17368
9950 1245
6633 4100
15113 3651
10564 10945
9772 14774
11532 12500
5287 14139
3615 13555
13322 9111
17889 2822
8212 5560
2240 7206
8389 17045
6571 8116
7847 15216
3347 8221
10322 14997
16484 2398
4068 4011
10317 13317
14280 10927
4338 13823
10402 80
5529 12324
5817 5387
506 6866
1818 2317
8188 15804
14227 1794
9183 7792
11240 8533
5742 634
8738 8347
17803 15734
8172 10773
13591 11577
17055 9598
6207 16079
16769 17184
14281 12338
2989 14764
176 9344
7703 5915
7413 8665
7381 8749
5923 3141
842 5523
363 6269
10675 5482
6299 16498
11801 4408
2309 6380
6590 4116
3965 17376
14517 8853
7168 12565
1128 10371
6776 6690
11395 2529
14240 12903
12902 375
569 2113
12413 1296
2861 2466
1618 4833
5167 10106
12714 11038
468 9417
15322 3417
5914 1733
8025 7556
17793 4202
1981 13570
4591 6071
16084 10499
10425 4350
2761 478
14424 14966
14489 4500
12916 2481
13098 7898
7993 7722
3160 8893
10464 6119
13024 7624
248 2507
3464 7776
17641 13700
3903 6832
16217 11536
1060 10384
13168 1260
4061 467
815 7143
730 7937
17506 16663
8151 17031
15797 12207
12309 7081
14124 3568
14748 1022
5337 7562
17371 7986
7763 757
3430 2289
1541 17160
1528 4908
12187 10214
6239 17635
11606 16589
13309 9309
15169 15882
8557 5781
7017 17879
17472 8701
2212 13657
17957 6598
10400 15369
14128 14289
12271 5620
6321 9721
866 291
14686 9135
14159 15436
15152 11419
2867 104
16544 16487
5547 13355
1040 12064
13704 15617
11613 8218
12724 15156
10358 8269
13587 11003
4245 11073
9902 14237
11090 3
13991 8768
10809 1836
3599 51
5708 13548
17105 10197
15447 15854
2711 16608
14535 17782
14865 14626
5481 1953
13057 5769
1335 17411
3606 14519
16114 5702
6526 4547
8155 11441
14345 11943
12530 12491
14829 14885
585 15762
16675 15897
13127 2903
4649 7445
6029 6360
10757 1030
13156 1222
15278 7475
14586 4647
5351 13320
1265 417
16612 16776
9362 15355
9152 17582
10922 7328
11706 11410
1549 15932
5381 17674
6167 4597
14754 753
8944 874
15757 12954
12065 9008
8084 1276
13491 7347
13258 11234
9387 17993
108 502
15155 15586
8113 1357
2400 2931
7621 4499
9420 14284
11436 9075
3307 533
1978 5271
7602 1062
5567 1626
13376 6252
17858 2734
1159 3087
14305 15468
14229 3312
6254 6555
12922 4334
4280 17309
5347 1430
12719 17359
2589 9222
11689 11370
17003 16141
9824 546
10202 15418
14247 2650
4373 8232
10046 7258
10508 982
17686 16631
11614 11091
9302 6088
13159 13648
6271 11190
2308 13971
7125 14049
12986 10723
340 5279
4565 7554
6940 14780
13581 17886
10851 2202
2234 3130
13934 14199
17402 2826
13964 7709
12081 1454
17112 3689
10188 17787
2472 7948
5393 4084
15022 15251
9560 13388
13856 17180
13757 14439
6184 1328
11478 9782
2893 1995
12185 14591
3696 10487
11566 3509
3749 1762
4650 17964
7386 6641
13835 5057
11836 17630
10488 2109
15305 875
241 4520
9424 7795
7212 9573
9185 1394
8528 9635
8262 13693
15501 2101
7921 4471
719 8060
7590 3353
2625 4598
14883 16275
8134 16798
7794 4633
6386 8602
3759 2841
2660 9412
16650 12900
13499 10800
630 5000
8612 11463
16453 12747
14794 5041
5538 9073
8017 16439
17657 8926
305 7283
10920 10273
539 6542
9335 5301
9285 66
17683 16058
8446 16803
13444 16412
14109 7214
12780 8336
16346 13941
9069 8147
1899 8801
11833 2477
5806 769
2335 6918
17731 15087
9103 2528
16178 15874
5352 5106
3475 10143
1090 8405
15438 2613
14299 9389
14802 10769
15999 15931
8479 3314
12052 8075
11018 11845
9894 13772
11056 10105
6946 13880
12770 7899
7469 14081
9419 9711
7701 13649
6462 17495
7808 1788
13201 8199
8685 13584
6391 6714
3246 16560
11077 10690
16647 16517
4525 12275
15282 16807
9612 16336
8026 5345
17786 16870
8577 7970
4090 7662
10751 16180
11452 8283
3560 3418
3675 13040
3824 2908
3691 13032
17860 16458
9688 9089
3807 6422
9327 17632
6148 14222
17713 16499
11191 8654
9275 14988
4857 494
1458 16835
15299 1305
16582 17809
15073 8608
8129 9470
1855 1709
14338 15137
8420 38
1979 10388
7354 13326
17950 5350
9859 11874
3252 14692
15089 17703
11033 7729
9286 17164
16676 14360
17185 9675
4826 4040
15651 8809
10743 625
11472 3862
2854 5451
2909 13894
2301 2426
7079 844
8432 10020
6616 672
4246 9523
11779 5119
17242 4970
17676 17290
17389 15787
6438 11990
5944 11668
12708 16719
17283 17985
3765 14742
2882 8567
2815 1248
3149 4853
9574 9622
13089 17166
14039 12501
16308 15851
6538 9330
147 16132
3504 5423
9341 8441
13465 2495
12118 11965
10060 890
4386 8846
6631 30
2892 11427
11657 1176
16234 17222
8693 12866
12880 2606
5375 6562
6749 16727
16984 13221
9974 16204
7841 944
6982 9153
13838 11688
16755 1782
11330 13942
12428 10979
3932 15539
16777 14579
1215 3634
11034 1572
15996 10997
17982 10993
3523 13395
12884 13763
861 11303
13239 3469
13332 15622
8793 13576
7669 14466
14076 10005
9588 86
9280 12317
11744 1841
7850 12238
7053 3695
7894 6549
8694 4424
8443 13723
9994 16333
2821 10145
7176 6021
10770 528
16377 17805
3086 15921
1558 14832
6083 4607
13981 2491
10405 14567
5377 1755
7857 3742
12104 13518
5755 5718
9501 17152
9885 1583
1329 12736
11151 10666
3867 15188
16044 1496
12885 1255
14380 4113
2382 1570
6280 13513
274 17977
6485 12772
15571 13935
11745 6328
1217 1407
13236 153
9589 17491
16144 4704
929 444
6490 7560
12711 11170
13882 12362
10916 14529
12231 6663
12533 74
17593 13167
13349 6767
9746 8302
10749 5521
7474 5312
4641 11271
5432 4064
1790 14607
17555 3967
2224 2639
13796 11154
6954 2868
12594 12175
8041 13789
3114 8205
7215 9858
10085 17523
8910 6855
1253 17830
16268 7784
10641 5105
4894 542
13248 14161
13577 1918
9953 4169
6898 12404
5818 6307
16645 17722
14375 804
14806 3277
17462 15815
13840 8911
10680 13836
5358 9175
2149 7660
9196 14097
979 2662
167 3093
5684 8878
5142 14677
278 4005
1232 4063
16489 16328
9973 15096
5447 5278
6685 14886
5018 14918
406 15235
5691 11068
15065 1964
13295 5428
13100 16135
17014 4982
2914 14721
3833 5727
7575 2310
15541 69
5948 1289
11231 12085
7890 9718
5238 1958
13244 2448
11708 7879
12240 5799
2379 17997
4934 13996
5509 1671
12696 5550
4722 10520
6049 14072
11948 249
11682 456
6553 1770
8256 11934
17565 7371
12804 1516
16477 8112
14890 8788
4409 13793
1816 12925
1488 16767
4466 11625
503 4204
13482 9954
2284 3686
7589 8973
10353 16721
5974 3083
14523 464
7963 3958
9138 2855
16389 779
5003 15879
12237 7267
9867 12682
7593 7397
12374 6706
8690 12584
5221 13922
13871 12899
593 11067
418 9905
1865 12395
4262 10361
1133 11241
13260 8646
6902 17334
256 9524
15654 16749
3781 451
1183 9870
3319 12470
268 16166
1936 15272
1 12401
16852 16527
1826 5938
5707 16249
14922 455
5712 185
6286 3559
9709 17940
10342 3081
13403 9786
14169 6214
6476 2629
7173 4259
800 4765
17855 15420
9361 16957
4105 694
7123 9442
4774 11543
17637 2541
15003 7934
15408 13891
12269 3685
9465 14561
1224 2583
4239 17219
8664 9889
10457 3587
12742 16000
14812 16239
15194 4044
13272 12715
11762 10445
1885 622
8071 11175
4938 9855
8975 3040
11520 13775
5094 16173
6884 14009
8925 6260
5455 11367
7313 11229
3486 10910
207 4887
16314 253
8943 6873
11195 14987
242 5664
8670 8857
8851 10329
9890 12593
9798 12044
1854 206
3480 11069
8385 7412
17206 13798
3632 5363
13977 4306
9872 7514
13302 6949
12854 10024
5158 5348
16961 14691
7069 6951
10382 639
5396 4609
7250 9258
16091 6781
10286 17718
2170 14041
13107 708
485 4389
2691 9028
16724 16493
10528 11885
1681 1726
4559 731
14037 15303
17516 443
5820 5149
15820 11628
5855 6467
8730 2407
3232 3088
10797 6358
7786 16581
2444 9288
17113 12313
1820 10973
6312 9784
10460 554
57 17453
8119 2254
10881 1290
1174 2295
3500 15566
17042 119
12348 5866
16304 13538
8411 16380
9083 255
17546 7910
3769 14000
9664 8669
664 10380
7339 8885
15331 9608
8782 17159
11131 10290
8529 8502
2779 13429
2129 4671
2674 13135
4462 6592
15647 4210
2904 16569
12697 2412
17854 16855
10301 1588
12843 7404
8892 13819
8826 17027
12801 13365
10909 16839
17100 10970
17004 11582
2342 4834
7551 12919
5956 9349
3658 6756
4484 15645
15972 16992
17177 2518
11909 3474
12058 12519
15202 5777
5703 17029
1801 12305
5643 14430
8628 15103
14055 17783
1783 9184
9242 5545
12132 6081
16571 7237
2926 11992
13457 1633
7229 16393
13801 8895
3981 4271
2532 13605
17699 14349
13220 4733
2096 17459
3809 14102
3917 3757
14303 6597
10022 13460
11039 15901
4584 4238
8561 15027
4335 16546
5964 13745
16920 17024
6568 7511
8912 7306
7558 6897
16210 14036
17409 16171
5193 4875
15217 2354
3998 8990
3187 14485
12930 8756
6221 17434
9900 7196
566 10324
6658 17719
2832 14241
432 13065
11047 12750
11942 5479
9731 16133
7766 13751
12310 208
3388 12958
537 6032
5514 12466
17717 7743
15934 8107
1157 14258
14350 12128
3784 4670
7990 17133
1590 88
14420 16193
8729 7702
807 16943
12494 12074
7772 9494
3880 6012
16483 14464
16638 12244
1547 7405
2956 11261
12360 6623
7228 1748
5326 13269
580 12651
1027 4242
2996 759
13859 8545
11541 9835
17006 6831
360 17603
2567 15441
9306 16664
13078 14714
699 5353
10754 5394
14501 1333
16355 17920
9100 9549
7291 2201
10767 17842
6697 7718
15390 10248
2057 6788
8371 11556
12962 17353
17728 11559
1379 9510
11446 8934
3163 35
6970 16250
1135 15352
13729 17574
15780 5891
1205 15055
14522 4683
13785 3134
2231 14967
611 10730
8132 17345
10518 7203
6477 8298
7768 313
5811 8250
8927 14943
4299 11043
2369 8534
15034 4567
3483 16584
7516 872
6701 11591
17741 6259
9027 13191
1099 10118
12337 15131
9840 12663
11540 13546
13415 12332
13369 8668
11573 16093
14785 11348
14539 11949
6311 14582
4487 12248
17862 11263
13512 11109
6612 10232
3975 17806
9998 5991
14627 7452
1835 12461
11861 8644
2106 12473
11961 14475
3746 6153
13992 6500
14751 4356
11337 13416
4989 4174
12893 2332
5354 3758
6791 12694
16503 2679
5477 12307
14955 747
4672 11292
10335 5051
3918 511
13056 16048
14920 5465
1461 2318
10966 10237
11938 6984
439 3939
17797 5401
16639 68
11634 14276
7618 16053
822 2620
7182 17425
15173 17201
4081 6660
8981 5612
1111 4916
3508 3077
10220 14853
3554 4570
4651 10821
1879 5170
10094 3089
2041 13634
13158 5376
1561 14969
12616 12284
2736 5062
2090 17572
13761 531
17446 13743
799 13974
5916 14437
1149 13454
13276 8222
11432 16967
9996 17528
4550 3251
1271 7508
4720 8447
6753 11064
6686 8428
5568 2410
11935 5704
9538 15984
5722 15928
4552 9838
1449 1075
5130 12910
10852 39
5205 14575
810 12045
10830 4632
4440 8935
16334 14487
5593 6716
13009 15662
2869 8321
934 10209
3111 3860
4612 5672
17385 8252
13228 12163
12192 15801
2242 15377
3802 17656
14735 5919
4828 11806
8235 4845
6506 8414
1477 4919
16273 16628
16482 8322
10888 5858
2389 5244
9536 4252
14741 15550
16794 16810
321 416
15532 6561
12492 3882
12217 16064
6461 2184
16773 11285
12097 2725
8348 4325
2596 11132
5132 3985
15771 17620
13647 668
848 15990
1034 10454
8278 9930
7767 16019
7026 14949
5549 15646
10316 788
10921 5207
4902 8848
8551 10064
403 17228
14078 6290
8309 3602
13679 7189
17715 10771
9812 6144
9031 6006
3224 7657
9233 1878
9912 7252
1172 13958
9550 16891
15531 16384
14884 15462
15047 8489
4796 1188
4676 14655
16929 8114
13443 115
7130 5746
13975 3228
12189 15406
17403 803
11588 13832
13071 16279
462 13314
17358 10394
9866 356
1130 4738
17531 2839
17729 6862
11119 16915
2695 11046
4915 13914
12170 2076
15534 5775
9776 8937
2132 3951
10506 6430
3727 15338
15040 8958
2968 2878
16013 8290
1112 17743
8526 15625
13352 16467
6569 13660
8019 127
6055 11465
13854 9000
6548 4241
2436 4385
10515 13949
13665 951
16290 16768
8466 214
1397 8300
5182 6126
6428 15555
55 3318
10023 7839
2916 17769
6458 1765
8103 14315
12898 17370
4196 11206
2142 6330
6608 2487
15229 3915
9503 7247
8866 17955
3672 9355
16340 11954
8097 92
5230 17174
6969 16081
5791 7586
1218 1492
14804 2396
16696 10327
13140 4593
2591 13073
1634 5009
10692 9702
5611 17192
9189 15313
4777 9699
7009 15166
1554 12475
7352 7424
6090 14313
14789 3225
940 3786
2726 5805
17925 9745
1680 6389
11866 5658
4518 10878
5868 6801
15616 10156
10191 14866
13018 4746
9429 584
3199 3303
819 2987
11032 8384
9570 16186
8314 5840
10267 8146
6487 12731
12607 498
4115 17005
16378 2384
15650 11984
146 1014
1398 4328
10844 13531
9488 9108
4924 8410
3793 1828
179 16844
6536 16864
3335 2225
14325 16848
15855 11376
8817 9706
10243 11846
14061 11339
9518 11771
15576 11715
13892 705
4830 10879
10258 9671
9739 14270
8475 9484
2370 16616
3641 507
17553 4642
7320 11227
7623 3994
11311 7655
16771 16887
235 7500
14857 11702
726 7387
5296 271
14776 7210
16802 6022
17063 7642
6769 15978
8902 939
2777 2486
15779 17753
14839 1897
7971 2704
6778 17773
12949 3011
7370 870
682 17652
77 13035
10725 6109
11741 2872
2141 4804
10758 13780
10523 7699
15154 14253
17058 4980
4478 4563
16126 12712
1579 7771
8049 6879
10312 12511
1517 3265
9683 2846
8484 17238
14753 10990
14264 1535
5873 15743
6014 9989
15666 12590
3329 9394
4276 16973
11758 2772
280 9618
172 16386
6423 11117
3968 6615
14414 3233
16295 4819
2273 15754
961 8005
7515 12424
6967 4975
7000 17139
15768 15623
15846 17016
14490 11264
9695 10386
15388 10765
2131 13410
7941 8349
6530 15542
11554 2205
4181 4250
10756 12474
2694 888
10045 4490
297 15830
4155 16512
15165 5960
4244 621
6780 16764
16592 1581
889 3638
2346 8136
1005 15345
3521 6636
10674 9338
16244 1940
587 2737
2612 9591
14609 11092
9864 8940
1031 12647
7383 670
3997 7414
7050 5400
851 7742
13270 2897
3302 15994
13909 8939
10351 13301
5844 10456
5015 3254
10053 12265
4658 10146
1119 16947
4311 16634
13411 1032
7928 10716
5288 17765
252 2706
5823 5962
5765 14409
3014 9693
5066 14306
12540 8601
5578 15483
11810 2790
7472 13382
9602 8552
5457 7759
3033 5572
16223 8618
16962 6541
13279 15010
14116 1931
1648 3614
12787 1926
17624 7340
12329 4863
14960 4331
8058 2186
16480 10485
13897 2965
12820 5458
7933 13534
10971 7724
3703 10530
1114 13592
13915 2287
8682 3699
14558 1839
3263 8904
6181 12412
7213 12716
1713 6606
9755 4182
10494 5012
11684 13855
17158 4470
17028 8440
12055 3962
1909 14621
6096 5534
11179 14480
17262 14117
6802 9067
5878 1553
17837 11130
7437 7012
5048 5955
14472 7494
8070 10867
5796 14828
16690 10831
14370 12879
1605 3104
386 6988
6469 2413
11677 9681
825 8789
2888 12215
8819 16236
16353 17811
16449 16272
1571 6087
13345 2327
8 5070
7721 5652
5685 17221
1077 16349
122 6847
75 8535
6009 15896
1892 4701
11299 11413
14758 8345
3101 3603
2110 2509
6060 4508
9042 15036
3659 2752
11768 4310
16847 8796
16219 13510
12769 5963
16327 17163
2356 9909
17877 10205
11239 11631
1947 15
9315 5281
3050 12108
3596 4020
1600 17669
6301 14211
17498 13027
2578 7849
12471 599
1182 12622
12842 13967
11513 8435
5804 15178
16004 11645
16270 11087
16189 9820
15554 17470
3813 6708
15109 6618
17151 9768
10127 14601
7148 7661
13508 8999
6196 14107
1408 15735
5175 16140
12232 3805
17687 13904
1118 17634
15239 11205
4542 7954
7047 13713
2032 15496
17580 6295
10404 3196
7139 16806
15467 7169
14317 15097
13701 4706
16759 15344
9477 16948
1491 17104
15054 6394
3794 6768
15008 11252
16 9729
12758 7859
7636 14446
12574 12239
8568 2814
10736 12082
8752 11766
9314 5180
6058 3498
2978 17441
13586 3405
16510 7022
14697 17419
15782 4578
5656 13931
11031 4237
2692 13651
7463 14149
2084 17305
15386 2619
11731 4351
16488 14068
15451 5592
16846 2571
3984 5757
6684 15290
13393 11221
11215 6451
17616 7845
16070 14278
3140 17762
9948 5530
6552 997
3934 13188
2689 10848
10306 11975
7634 3534
501 2907
14126 16859
6446 13899
13401 4904
139 16785
17692 11253
11835 7112
14699 3174
5694 12779
2001 16165
2582 5416
10162 9874
17927 152
15329 10393
12671 14871
7209 16792
12283 6677
6270 11601
5911 3582
9715 9072
16366 16080
9993 4754
9036 13319
4305 17007
13247 11455
175 17915
14318 2796
12272 16105
11508 1954
917 7063
15017 16339
3394 3352
3029 8501
499 8675
14831 7411
15442 13426
6303 11074
15180 8984
424 2237
13911 899
14577 1358
17665 1552
592 10157
14457 6124
16951 17471
3433 90
8674 2002
15861 17510
13085 7991
8838 12720
16343 6673
17776 13928
9266 12211
3533 14720
5571 17295
16230 13607
12393 15545
14952 5890
10972 8734
1686 17196
17868 11141
9945 7318
8234 6772
14840 2823
4156 17053
12420 10718
13852 2618
12481 15669
4085 10461
1405 4130
70 2925
16255 8972
8493 10175
3888 8050
15170 10383
15918 17202
13308 15485
7280 2918
11798 12202
3340 15781
10364 10556
9313 12695
13802 14652
10591 15568
7806 12536
14505 8023
8558 5738
8008 5668
7914 11996
15883 9125
8142 1249
12788 12369
722 2513
15433 10687
5683 12345
2165 10414
17698 1682
11476 2087
8018 3835
9583 10121
9218 12423
10768 14634
217 15231
13879 6043
2750 2683
3119 5532
3194 3583
2162 12109
2896 11516
15371 12098
15595 12653
1900 1064
17775 7981
12410 4030
8495 16850
8137 12721
12019 7327
13834 801
10915 14200
17092 2347
2709 3361
7295 12587
16262 17456
5340 4150
12690 4699
17340 9806
11357 5478
16457 9620
15048 13727
10260 7417
13617 15186
1450 16106
16365 16486
15279 13844
3931 3166
3465 6959
5146 13609
7422 7927
6602 6074
14 3698
8556 6246
8631 10948
5023 9337
10917 1106
15254 8523
17734 12827
15212 125
756 17556
2464 1254
11888 8457
7102 11919
14542 17270
13285 11578
13906 2654
11574 5517
2290 1642
10061 13628
193 12534
5577 13371
13192 3607
17547 15849
16202 11404
1665 1066
13822 4918
12011 8099
7882 12568
6519 5076
8699 17884
1684 8416
1700 9498
16056 5870
8758 12637
15409 1483
1312 16408
7297 2831
9232 2964
16395 9292
4511 2943
4548 14642
9390 1595
9017 5433
11462 8406
5732 3585
10470 12825
11182 8754
6201 7277
3684 13599
3238 7917
12129 1763
1537 11055
2631 3343
327 12153
15689 12036
17297 15827
12961 11309
17570 13105
15806 4529
10643 12205
14991 4739
14725 471
17517 10057
1852 17106
2360 9029
17000 5186
14330 12261
4827 16238
7321 11655
8765 16707
3494 1903
4534 1722
14912 10988
17527 13275
16390 2740
9893 6233
5695 11774
15588 5190
7698 8208
7577 878
1309 4794
10967 4862
4978 1500
4327 2064
16397 10280
7582 17851
17216 17406
4436 114
12795 12024
8339 13596
14027 2719
16987 10686
4139 535
2656 10833
8610 8488
11743 9959
4959 17154
6063 16892
4302 10181
15039 17465
4004 9646
6671 11120
15845 11468
15033 4205
15701 10924
11382 16576
16130 6727
6582 1444
1278 6620
8183 11723
4695 13356
4541 12730
3420 3192
3202 11892
9146 8509
2060 5233
13446 1059
9982 1813
5505 397
15596 7864
9283 3818
2285 3414
2479 3097
13437 16037
16969 10796
2945 695
10586 5932
6803 11458
15933 10299
3425 4474
9701 12364
5874 3492
4697 7357
12926 17745
6599 13404
6178 11704
13520 16026
14326 7536
3624 12699
602 16167
613 4858
974 10986
14981 9044
9631 10525
11444 14674
112 14540
702 8096
14384 14157
5819 13954
1983 13230
8639 10211
15905 3868
6267 10961
13923 7421
11150 15397
4402 13653
4581 11129
9767 11103
9531 15007
10876 9582
9365 9999
6875 1385
16772 2093
8611 6665
5159 12149
10611 5493
5589 12939
15121 4587
12957 7373
11729 2514
1721 8596
2951 9098
713 5966
493 17115
9105 11802
7410 15389
4021 10069
7810 10462
7965 13177
9943 4359
6044 11560
10048 9734
9703 13878
17126 3073
4029 11931
17721 14100
460 14028
15333 7876
11542 1345
13287 6018
1510 7574
17908 9690
8352 13486
10474 7949
3866 841
16447 10090
9509 8905
6348 13842
3826 9248
8626 11616
17697 4184
12567 7088
6652 17120
11317 17033
14114 4992
7390 10907
9694 11457
17301 6242
8595 5336
868 16761
11842 9579
15691 4575
6111 10218
16632 2535
4071 11940
5259 1002
14344 17617
10864 8201
3084 9540
10416 5243
2523 4973
15499 4214
10963 7282
13233 15675
15583 11291
13624 11152
5131 8326
6431 8815
13325 10977
17832 17074
12741 6983
12155 2682
11325 9094
16982 9987
1859 11096
3719 15098
1643 14848
1883 13862
2265 5316
1352 16416
10604 11999
17595 11302
16382 14520
5463 15598
6786 5565
17116 11551
7249 641
7883 16071
5473 1425
7489 64
6968 4702
653 17905
4128 14974
6436 15183
15810 3003
1046 17281
6020 13396
1974 8280
9802 3227
13973 1423
926 15696
16599 133
15414 9436
11759 9941
12789 2476
15129 17724
7505 8680
7448 11474
14040 4158
1350 11989
798 4467
9140 16770
11485 4316
5764 5055
7973 8650
10883 13064
10938 5188
15206 11903
377 11053
892 10892
2415 1012
7429 4546
5724 10633
5583 15189
706 2402
15899 1226
11786 17239
12092 13523
4893 13550
11920 3705
13476 16893
17893 16583
15260 2853
13462 12446
5006 12333
15728 2303
8554 2530
17826 8120
15695 827
9968 2274
13821 7045
10421 5875
16476 1428
6891 4865
4510 9438
12140 17249
2565 13255
2543 1049
15411 16965
7955 11926
7611 12434
14823 15715
8956 5715
16525 12014
11782 5474
4031 4652
15405 15582
1943 12266
9409 510
12950 10693
10806 2117
13298 2791
4901 14942
11505 6179
11579 13517
10799 13708
1082 15919
17279 17771
16196 7532
1886 15218
4149 7801
11604 604
5759 9144
12816 7747
5700 2955
6683 338
1950 9853
12882 10745
11144 11917
10829 4247
10816 11072
211 10415
1597 3099
9342 3869
588 5590
13000 5984
7438 5097
10396 8387
17396 9359
8244 11098
3811 4070
4714 4416
16417 12308
8908 15765
13498 10423
14675 15374
5470 2981
3346 16966
7726 1766
11572 3074
16836 5419
7492 15368
8546 14173
7192 3444
11850 13408
298 5247
1083 2438
6478 6076
14217 10956
3316 3519
1291 3808
5615 17493
6200 5774
9907 1426
6573 15573
6091 3913
10621 950
14588 3816
6149 3005
3499 23
11860 3284
6317 3437
8903 16414
9533 6442
11792 7364
13313 6904
7812 5364
16083 5452
15142 11538
14868 12824
1735 4537
4855 7029
17161 2083
14951 6190
8709 11351
5059 5370
9400 8651
9461 6497
4315 3830
2133 14999
3646 14658
2299 15945
16472 8340
7920 10062
8821 4628
15747 10842
5907 5519
10886 17601
10737 8625
6815 1196
12878 9809
8289 9066
7549 1526
3837 13052
3516 5912
8149 16779
3235 8746
3123 1331
14929 6656
6106 11496
14532 11899
11910 16111
1530 4839
4749 7888
37 8001
8063 1562
15577 11051
521 16212
2539 1319
9079 2806
16998 12877
6588 10653
17843 15910
16648 262
15688 15295
16954 1508
16610 2072
5950 6198
5072 11379
11605 12209
4391 15658
1415 5785
11334 3725
6204 6742
14644 1578
15363 9024
3682 16539
9457 5570
8388 12327
832 2607
8726 5784
12425 12188
2056 6989
3015 10656
8787 17519
8717 14666
17763 2747
12798 6350
7688 8016
14901 6986
2912 9808
12089 9234
4146 8954
15770 16306
2895 6965
15197 9986
5941 8036
16399 15799
4145 5856
7526 5676
8916 1569
15168 9946
774 6437
6694 17623
1980 10554
2108 11902
4744 7538
6851 13851
17592 14383
16607 5184
9849 3278
6667 4514
8213 11305
3790 8364
6155 7630
1198 607
339 4272
10348 17848
2085 8124
17614 9212
11929 459
16463 2756
846 17500
4443 11881
3911 17483
15783 6675
9863 1694
4925 2984
17167 13754
8992 11901
14092 3085
14070 5335
15336 12119
11807 84
8325 12383
16511 14091
14304 16829
17474 470
7868 9427
9877 5540
7664 691
15514 2881
6907 7188
13445 10678
7461 14585
9126 10285
1165 6439
9759 10366
13951 1745
12033 12347
3947 12178
13535 15221
7572 4167
938 5797
13638 4696
10171 3376
11016 1819
14411 2845
5266 17312
10304 1951
17541 5245
16211 6591
5942 9269
10189 6475
2556 14121
10367 4914
12809 2440
11489 12859
15511 6300
5555 9307
16271 12822
3167 11244
14376 10939
6000 7605
9353 2484
8473 8784
5342 12280
17646 7090
5754 16424
14013 11814
1596 5987
11377 1192
5931 17128
10837 6410
10763 1567
13620 7127
5472 17130
9466 10805
12294 9771
5264 6371
10125 9792
2580 1460
11534 14613
3592 14292
6796 4345
6492 350
935 9738
3415 9906
5174 11840
14333 5236
17111 3874
1419 8515
1202 11503
9545 10003
17509 14842
2107 10941
15085 2387
17195 6165
5420 6672
8293 17661
14469 912
5598 9308
14216 11183
15730 4692
8932 5710
5103 9195
1373 914
8802 948
14924 5854
9571 1288
1023 3495
15705 15046
14930 17726
16981 17235
5599 17619
13109 14327
17329 3451
894 4179
13474 17518
16869 7382
1093 9517
42 15277
11470 8445
12826 6339
13182 770
4007 9087
14973 11204
7588 12160
5548 3213
11599 12224
6017 4773
7260 4442
5730 652
4836 10483
12258 8496
5262 3780
9099 2025
17642 11274
11176 1347
15785 4282
10047 15877
12517 13367
2331 14094
17324 8555
8899 2850
1456 11804
4995 2480
5215 10753
3539 12805
4365 10787
3687 2490
15756 1793
14767 7870
317 11374
8511 9495
16278 9805
13787 1529
3378 3574
9439 12293
16804 3928
12343 3930
3403 6687
491 8630
17764 9766
16128 2498
156 14654
4340 2411
8408 16897
14277 4022
3777 7796
9547 6943
2120 17217
14551 11764
11405 2344
8346 17968
5045 4323
5346 4703
13235 3608
4813 9201
8259 6405
6293 6177
8792 11732
15301 4791
4377 14143
5148 3002
8077 14035
6926 11674
7874 11315
9169 4825
5563 7790
15126 3649
14843 9121
2148 4092
11027 14224
14887 11499
453 1008
5841 6741
16895 10417
17678 15383
8963 15719
8603 6578
10672 12469
14082 14138
1987 17788
396 10601
10673 865
14869 6762
1525 2447
13646 11869
6272 12603
7853 3106
17746 8830
5357 17364
4091 7866
17302 14617
6990 881
9418 13961
12627 14434
3248 6527
2959 9102
14451 10826
14187 6584
8128 13331
1574 2595
11619 17822
6838 16175
12354 2557
3010 8583
16174 12479
15551 10408
17598 6474
10664 15533
15721 2222
14168 5901
2575 15000
14744 7814
13688 783
95 10475
9873 12091
11953 15350
15210 9449
9832 15717
15489 3992
7880 9270
7376 8836
7207 1850
2929 15589
16259 574
16209 1610
13630 13828
2673 12357
975 12985
12834 9985
4533 13044
1478 17137
2468 1843
15148 8455
17992 9552
2204 17732
6282 4253
16953 17197
6755 6729
12907 14335
4708 16283
9580 15940
11594 12632
601 14367
14583 8735
15257 11627
15805 17001
10655 4717
15281 13682
6621 1744
1026 2075
17589 11146
17323 5753
2710 8320
10210 1751
2581 7375
413 8714
4866 5851
9883 16316
17865 12405
6073 10216
17831 4793
17081 4491
17020 4187
6860 1147
17061 10158
16011 4956
1069 11364
11178 4425
15432 6174
12642 14477
16423 4735
5566 13072
12918 12997
6256 4052
15319 2524
16594 8565
6824 7155
14023 4766
12180 1714
328 13126
1555 14500
15164 3972
17610 1359
11506 10818
17273 6845
13215 16886
14123 2807
16841 11372
11951 11557
13868 14364
1001 3921
1969 3186
15297 9406
13076 12920
10739 17696
3885 10268
17291 4039
12706 6883
13058 12951
3156 15402
1268 10952
8718 1041
15296 12120
17991 13549
17739 15167
8649 2416
2257 9836
11546 10766
7368 4502
11765 2735
12837 11827
5117 10638
5863 7466
1167 4270
480 15031
1960 6064
9592 13225
6226 17448
6308 3681
14533 9669
4762 14668
17096 13542
12766 12874
6095 2778
4713 6545
13254 11226
5913 14192
4802 16329
15453 13001
204 1719
12352 9223
2887 2534
14033 16507
13979 10708
7601 16885
4445 3028
6393 15213
3244 3666
8883 14213
13706 6603
13845 859
15049 3342
4756 4842
17597 7165
10497 10895
10596 1308
5531 647
16284 7273
9884 7052
9297 4058
4057 6848
3470 3849
14002 2000
12862 15478
5232 7987
11093 5975
17998 14972
11071 7281
13539 4983
10897 16415
9920 7977
12083 15593
12106 8942
9422 6523
4963 7011
17924 8186
2952 4622
8637 544
14271 13292
6065 3071
9294 11781
16935 7345
16731 33
2140 13717
12984 17199
1638 6051
6353 11316
12133 15125
387 10994
7147 9821
16988 347
7087 7080
7114 5
8947 2808
12385 233
1035 3620
4519 7116
549 13559
9686 13484
2329 13533
4644 5181
14426 17667
1955 2198
2992 4240
3396 2381
13579 4662
15629 4047
4907 1144
3113 7559
400 2423
5462 4006
5772 11460
11013 15294
5935 17387
11366 13067
9748 17147
7269 1632
13261 12102
16404 6341
7334 5397
4003 15744
10849 5639
6352 8118
14488 1108
14141 14074
15419 12654
11966 7152
2467 2919
8652 7774
16760 11396
12776 11002
16624 17900
3497 13601
4191 14791
4069 7023
9599 2901
14498 16646
9512 13050
13184 11050
10661 6005
2078 1402
14395 12908
2610 2275
358 13128
7074 7003
7221 14891
17254 7855
8613 17891
14129 16997
17521 11245
5910 5218
11726 16040
7627 3490
5222 4166
12621 2403
16916 3943
2419 16400
884 9733
6648 8485
6173 8219
9750 11620
2005 10650
10241 3102
1937 9056
15987 2182
11124 7530
10981 6789
9543 16703
1020 2991
12402 11412
1229 10190
4143 261
749 16241
2115 17887
8459 12643
2136 1637
8452 17605
3982 1495
6344 4958
7068 17422
11459 3520
3481 1697
8006 2221
12913 11500
2830 13485
11207 3936
15574 8275
2812 15271
5524 12113
3711 3679
15255 9013
10509 14273
16242 5585
11972 7077
13692 12704
7076 8135
2515 5906
11363 6760
4616 14612
9629 12917
5090 5586
16736 1079
11939 9053
7271 3395
13166 5297
7872 4969
12219 9040
13377 5709
660 13776
266 14079
2949 16657
17451 1921
7296 796
9141 1047
1392 5510
3124 5533
1838 5766
14990 6525
8451 15597
14740 13860
7351 11570
9060 5191
17681 17818
1393 8938
13273 4971
12896 15304
11523 10632
594 1434
151 3330
9116 6114
10959 5407
8816 7180
11447 15192
15015 15702
13790 6381
4075 4724
3567 15911
2601 11320
13005 984
2804 7323
13588 17187
16626 11916
15664 8465
15130 12303
6166 9663
9002 14797
10074 10223
4646 5686
3722 9791
2542 560
6699 15393
14864 16758
94 6156
5909 12444
8328 8776
7154 10231
813 6976
149 6194
2572 203
5286 9251
14118 9181
8970 561
4411 14979
14438 3336
2364 5889
3386 10307
8886 17413
3471 5449
14592 6790
7939 4993
6537 8170
5812 11707
14379 2297
8623 17749
17311 16552
5234 11839
1219 1230
13561 3354
16732 4144
445 3664
2633 3441
4932 3654
16811 16264
4233 3459
4480 1134
3253 13905
13463 5039
5383 12662
6003 8619
3935 4102
17339 7867
14538 12210
8593 17979
10671 17814
5649 1094
6373 17795
27 6863
11475 1585
3963 4723
5314 2615
936 8198
14193 6433
8038 9665
8404 3908
12230 17870
6981 8068
12291 290
1647 5632
5713 2621
17871 3987
12486 15548
17801 1695
9300 5460
15814 5776
3752 17931
2817 12022
12216 16350
3323 409
12937 2759
16108 2585
14944 13318
1208 17937
8676 2073
3858 6880
9676 14063
2657 4545
13420 4690
15347 12023
10719 7892
14745 10905
990 5111
12726 1778
17890 9704
10153 12027
2251 15894
17150 2698
13963 5699
10067 16808
3223 16999
8020 15676
10297 7185
14453 244
11841 11853
6279 17838
8299 8778
7482 4266
6938 8600
329 805
11054 17965
1116 12039
8046 7860
14817 17251
6056 16491
4741 8236
4008 6403
11387 9962
9564 13084
1180 8374
16155 2852
17554 5561
15773 13846
3133 16267
9255 8544
11643 13898
6281 17140
4050 8471
28 15243
9281 16685
12752 11640
401 6387
15498 8358
191 857
4438 7545
14931 4577
14163 14012
17751 5422
5241 10877
12578 3037
3128 8334
14297 232
1029 17012
16292 9137
4180 8870
15569 17386
16831 11079
3513 4375
9460 14722
8855 15763
13524 11748
4036 11323
6337 2320
7923 15998
16857 12334
9356 10173
380 195
13370 3694
14962 14935
15342 7010
14768 2482
10925 10431
994 5292
16995 4494
4979 12029
11187 15133
1814 10112
13662 8082
2050 6919
13853 7177
9888 532
7007 10049
17644 14342
15708 14624
10616 1557
5487 13656
9677 4384
11808 4961
14164 5476
13815 9575
4088 4553
11022 8952
6828 1258
17200 196
1901 2137
14272 1292
9445 4493
12841 11698
11233 7533
5252 7233
4456 10051
8516 3856
15340 8662
4655 7679
7217 10186
17695 2460
12078 9282
13033 14553
11837 14718
11789 2471
10098 1048
3993 4768
411 17469
14137 16561
13113 5983
8483 11044
17972 711
16464 1287
4468 2986
712 14406
5020 3456
4065 3806
3884 1028
15018 14185
14851 16496
16543 6821
626 13728
7682 2216
1502 13594
15134 14150
2051 6929
9259 11752
3421 9123
6955 10688
4965 6547
3715 16139
7685 13602
16652 9088
11711 12179
9819 14818
1844 49
10219 15057
9268 5617
12005 11005
9364 11177
7239 2457
11345 6351
9760 3255
10349 11831
14246 1747
6575 17275
3455 7005
11331 12340
3496 6646
8839 11390
12573 164
12934 15375
4221 9124
10782 6856
1699 13616
11153 802
14447 17976
12037 13187
9456 8223
16667 5894
1645 10275
5080 16286
17777 3617
9636 15547
3171 4900
7815 9747
13195 5739
10958 7358
752 5687
12579 11879
11511 6885
6408 170
10489 12408
378 14698
276 4556
4954 15238
2185 9639
6424 1310
1907 15967
16300 12072
3580 10004
3643 5705
11232 3700
13560 15028
15660 437
17497 16678
9225 12235
16330 16837
16867 12194
11905 13138
9811 11037
3779 7592
1000 3819
767 12262
16206 9318
10328 10846
15504 12431
16356 14908
10138 13927
2586 17430
9194 7454
97 7146
17223 14413
17404 12123
6335 1887
15634 11894
4990 9640
13297 5445
17145 14687
7393 10573
14977 11507
16908 3385
2829 11391
15968 4392
14581 4879
14873 1074
2065 9961
2857 1623
16904 7051
849 5954
16221 13813
4986 14643
5044 14995
11453 10574
6543 7380
3723 965
8424 9707
1580 4551
16494 7085
4431 10937
5692 13207
4824 9673
7745 15378
3129 6210
10187 12057
9668 3635
10606 2151
1221 1635
477 2283
4888 2727
4313 15311
12236 15869
14408 13095
8327 7091
3530 15088
11598 3505
1932 1068
371 11755
5220 13194
9534 3442
9142 14712
17750 11590
16369 8825
11223 5415
821 15123
8393 2668
10333 6053
5163 13337
13783 522
10244 15491
5825 7054
9291 9368
980 16743
13112 17627
447 9190
6093 14793
14235 14103
9904 6960
671 17609
12829 3337
16208 13422
3152 12869
15887 6077
17384 873
12767 1349
2859 17052
10410 7720
13528 16738
16076 16348
6702 2314
931 1701
13212 7748
7423 1560
14378 1935
12617 15991
2998 17288
145 7712
3832 10037
15917 6655
9710 12070
15429 11694
9499 12555
5031 11414
11859 9500
1095 4107
17606 5922
12803 17343
3381 15952
3198 9352
14145 6839
9049 17036
2680 15731
3243 5367
15135 9129
14964 3032
14099 7522
17089 1246
17529 8586
9085 96
12583 1759
13246 436
11571 13870
13972 6183
904 10764
17737 3751
9310 8499
11058 11398
529 2811
5065 729
1608 11809
7615 11088
7700 8094
10890 5575
10011 17233
2745 9830
8090 4257
10741 15487
7565 7926
9652 3031
12350 9526
10119 10331
633 1072
716 9561
16665 8434
9065 15063
4399 9642
908 10446
16735 14507
3143 4876
2146 17084
17356 14907
16220 11872
9679 9057
9145 14377
16606 10192
4758 1587
17533 16658
5225 9689
16562 3273
762 9988
14134 4177
7831 1334
17550 17936
7266 2121
7694 12956
9385 1101
2940 17874
14005 10224
6036 15680
4414 11561
9862 2228
4781 8898
17513 2717
916 6011
11346 7302
198 9210
15177 4112
3728 7216
17792 10665
10572 8192
2643 1874
9682 9299
12330 2422
442 12595
9971 9372
9585 10870
6996 10238
887 17361
15974 15120
16974 12228
16547 4770
10975 4309
8959 12400
4643 12138
483 11025
14647 5970
16337 8217
16752 16060
6546 11780
4319 5431
16896 4326
1542 577
10213 15976
16884 4599
14527 5749
15690 610
10587 12669
7184 13608
8398 9182
14450 14204
4074 9895
17436 5925
3995 933
3590 11746
3744 2843
10786 14492
10651 17488
8407 11863
15001 3272
171 8861
16042 13804
13335 7409
5642 3138
12290 15230
5331 4475
8476 15947
9506 13540
14919 17224
12514 3531
12817 15140
2697 8081
7238 14610
8378 8231
12914 8421
10172 2319
6580 5265
6471 1548
345 13461
8009 12569
7862 9377
15895 4055
7082 17507
12088 9366
11618 6827
910 12131
7430 17464
10229 4817
10620 9428
12554 9371
2492 14975
16441 9979
9918 13478
10983 17241
16235 7761
4108 13637
1963 548
9717 8004
6452 10343
15117 3462
5943 9191
16617 6934
17482 692
7498 8991
7829 1898
1968 10689
2469 12833
3324 14548
16996 9441
7259 5254
12641 5284
7159 12652
10531 10447
8313 13132
6726 971
4823 11868
1070 14263
16490 1148
5125 3383
7935 12497
5673 10755
6826 2594
2742 17048
8323 17410
9737 575
12353 11115
12723 13174
6994 60
7775 15493
552 9917
3990 8921
6435 337
17338 13610
11304 703
9321 11471
3834 2409
17265 11342
3668 15081
1482 3460
12840 11341
16780 7304
11683 1301
10617 8261
9519 3060
7367 15198
824 1038
5439 3799
1884 5500
13208 6447
17758 3741
14788 14513
7330 13083
17917 13043
17280 17828
4284 737
17882 7609
17240 16073
17640 11719
7133 911
5073 12233
14287 1204
17215 15056
16176 8437
5977 15298
15472 11950
1991 3142
608 2305
11908 628
5223 3914
13400 3305
11662 4170
2430 15665
5503 2733
17834 2348
14265 3760
5200 15640
2164 1421
2780 16516
6876 7126
5293 6007
9685 14328
1658 3056
6406 14202
991 2531
15479 12681
13807 15777
9346 17941
3054 6494
9136 9122
12457 2946
2828 14127
2939 10548
11883 5900
11967 6413
7733 1945
5488 4731
4066 14357
2527 6434
15092 4171
11854 16614
6104 11385
247 15456
15644 2973
17897 13645
1810 15446
17988 10898
17963 6326
2368 17455
9897 17418
15102 6186
10407 5886
4067 8066
6563 14084
14486 15692
5459 6924
17850 16352
12861 6869
6489 941
3218 14803
13328 13490
556 17141
2013 14080
15863 8957
17424 1152
5283 12661
7480 13753
14821 9104
6614 880
12282 10667
10699 3001
210 6048
2608 6799
11267 710
543 5434
3510 7436
17904 14093
4421 2465
6378 16845
6901 16398
9656 13148
4393 4807
4562 13684
13519 7785
4675 16481
16834 7922
11048 1664
4705 4669
5997 9603
6276 62
3373 5734
8737 3974
15892 9736
7895 7137
1306 10429
4952 3046
564 8373
1016 16765
9472 6268
17840 9193
7171 4657
13479 898
3647 3216
15185 14888
17319 3436
12744 8332
4429 17820
5490 7547
3628 10201
7014 7006
13936 15761
16936 7503
12923 14805
11035 12676
7912 6804
15475 17780
13019 8896
10704 6041
17394 17711
8442 13786
3828 50
11166 110
16739 785
12512 16281
5655 778
12778 7535
6261 6738
5522 11216
4752 14696
8318 10438
10435 11549
7728 9393
9837 8249
17944 7614
10151 13507
4847 9228
12597 1691
14761 2018
12799 14135
10167 15648
17983 3565
3445 4798
461 332
8175 1102
9051 7200
14186 12483
14717 2030
8635 4
10589 4396
6560 1606
5744 12771
7446 8928
14445 14140
11116 4750
3536 14709
6681 2563
13940 2764
12422 2573
11015 5675
2838 10493
4286 4635
8569 2685
11149 718
1085 6366
15016 16012
10496 15503
14670 1257
3408 10834
6508 14861
3126 10339
11057 10856
4482 6137
7781 9763
9616 13960
782 1435
6160 16983
10152 5441
11308 15023
12672 4880
15590 7932
6212 3650
128 17037
14059 4234
15909 1676
15200 8072
16246 8468
11306 2337
15323 6042
9114 1781
10128 1919
12606 7476
981 1998
6956 14620
3660 11587
9115 10303
5973 1939
12273 8933
1459 13962
16266 15619
11800 16733
3916 5333
12953 2021
11040 5429
29 8034
10025 16564
13179 17902
11123 946
17204 5957
667 12673
3674 9861
3012 10168
4448 4159
3006 6331
1210 2696
1126 6440
14772 1240
13442 13456
17378 8381
12409 9901
14003 6585
14667 10790
17357 7360
1796 11250
15904 1497
2088 5406
14443 5040
3766 15273
6693 14841
341 11539
14188 5600
13154 351
15287 2718
10050 10649
12581 3264
16443 15139
13045 12631
3750 15729
7749 6795
3571 10180
4427 11473
2675 9916
10576 10278
582 6689
2489 3820
3440 7377
14242 8007
15339 9529
12674 4940
10857 13872
4896 2250
15332 10507
3971 9879
9454 9833
11911 10468
3912 9474
3633 8029
4114 1431
12067 9019
7597 173
8306 168
6283 12705
8461 2647
101 10230
10514 9741
10274 15559
17712 1833
13438 15900
16433 12921
12268 9799
15636 6363
1320 11664
10648 7158
12459 14963
15343 6304
7625 4521
2858 6118
15507 3057
14928 15963
4206 490
17512 17355
15490 10612
6374 8012
17407 11426
2587 14983
12164 8429
11596 5425
2803 1740
6874 13383
5153 11959
9626 11685
4374 8774
9148 16137
13733 17522
12535 12981
2564 8841
15889 8122
11537 17129
17954 15111
9478 8390
13016 8814
14221 11118
11362 9410
7450 15417
41 6896
10259 619
14900 5388
13121 14358
2645 13903
1573 1470
6067 14528
6274 8069
9092 6551
4561 5187
17799 8014
17271 1786
4618 13803
6626 10467
13565 14536
4557 2879
14098 17953
1018 250
7083 16320
17804 10992
15516 13557
6518 9967
17930 14483
9052 11983
3392 6375
15578 6529
8800 11673
14731 12819
15980 7309
15796 11307
8540 1315
5989 9485
7613 9392
15261 6292
6457 7134
14010 16740
10104 407
10637 10524
5497 10235
3898 13315
14504 9505
16261 6516
5965 6385
13069 7107
13353 15961
14863 12448
10839 12399
4496 504
89 11896
13257 2622
3367 8491
3197 8753
2432 13943
15225 11136
9133 11750
14702 10607
7644 14594
14798 10558
5029 13547
8542 7827
573 10131
17382 7600
16309 2336
913 11369
10340 1563
558 10035
1103 8095
9842 5368
4230 7104
609 11832
1805 4761
3478 4711
16729 10451
13423 11553
5078 14004
4308 10163
4220 794
1675 12456
10114 10863
9240 4859
16577 10204
1727 10501
7527 3588
8268 17321
5690 2927
13625 15025
12363 17706
5880 12831
6865 15328
11101 9942
14113 1382
12722 6961
5183 16226
1718 3525
8061 14425
11552 13817
5972 9077
4267 10923
1565 960
14394 8360
15309 12158
10236 13900
10571 5491
16351 5392
12975 13175
3355 3401
12257 4927
5093 10097
14198 154
3076 1720
15270 17094
16654 11693
13281 10091
3821 161
7246 3795
7072 16757
6078 8966
132 10608
16580 5606
786 11880
6222 8962
1663 14728
16232 3897
590 7353
14738 5999
6853 835
9440 13953
17760 5959
5782 14448
1285 10032
4795 7893
10378 1972
13925 14684
15428 6921
15359 4727
13198 2743
12857 2516
5949 7066
1384 14833
6724 13921
5308 8214
5741 789
13002 10660
4501 13164
3489 13176
14176 7019
6774 17365
14719 1829
11696 8167
5748 10174
12601 3991
17438 7449
12453 7909
13919 7734
15581 4201
15289 16163
14267 12212
17473 4667
4099 5361
635 4168
10083 5780
15044 284
3172 4948
4111 12062
5752 7950
7434 8856
14362 6911
16063 4996
6512 14314
16023 13606
2552 13038
3211 7231
8875 8123
16640 5885
13702 10642
6723 13172
550 8106
15923 14300
7620 6771
8678 11777
14428 9448
9758 12548
17561 6823
1418 9921
12115 2577
2800 15477
2431 8667
12875 1013
15816 5584
15653 6691
6089 1667
2302 8840
4788 15784
16313 1131
7705 17876
2263 8062
6024 12150
3293 4223
205 13210
9797 13744
883 12162
13687 216
3195 16716
11148 12075
3239 7789
11907 11977
1238 15635
17432 1117
1139 7678
15141 12886
13952 8643
3677 2522
9214 5882
690 9205
15678 16905
4816 7308
9230 10075
14400 3557
523 6396
12505 15061
2934 3526
8655 10056
15360 10002
2047 15561
9119 10502
6365 9521
17796 7400
3954 15513
8532 14189
13181 9247
5435 8880
7525 14167
13489 6057
963 7086
4710 4639
648 12437
9374 9783
5602 11186
2239 7286
6240 14656
8156 6175
8762 13521
15110 13447
1091 3175
17907 2188
9530 3473
12793 4263
1679 7851
12503 1746
2891 1025
6625 13414
12068 6306
9464 367
6751 8161
6977 15316
15752 3873
768 16689
9293 10750
14618 5421
2474 11813
12813 4419
16919 17109
10889 7089
10305 8055
9264 15615
1957 8822
13387 10934
9719 13514
16274 2690
714 11769
17673 17671
6225 2781
2183 16363
13777 11821
13910 2208
4872 10120
9034 15259
10099 1237
10295 15949
10448 12692
3424 15643
11775 13917
12203 1952
16131 12522
1893 14911
3274 15724
13505 9777
16633 7024
10081 828
9597 15564
15786 5680
12790 17588
16038 9596
16899 11612
10991 790
15751 9722
10200 17258
14940 8748
83 15520
16968 14711
10455 4498
17654 12218
17648 11851
11011 308
16585 16085
2138 572
14706 12182
17168 12777
2279 12781
16959 14291
8042 1986
998 16099
4753 9295
11722 9473
15381 5788
6289 1977
9139 14978
1191 14131
17815 10001
3154 8391
17969 707
12592 13163
11963 1457
3738 2304
15522 16941
6601 8872
3950 13843
13386 11174
6662 1739
1772 16418
7820 2429
13829 8085
13226 8216
17287 10854
1514 3038
2731 17415
14819 9595
2276 67
11927 421
3843 15604
9241 17405
14796 11670
7985 15776
13157 10233
2798 10084
8707 7132
5579 17454
10798 12134
9966 17073
1092 5559
11886 5366
5294 4219
852 540
10813 10732
8656 2267
12100 2960
4937 16078
16763 14783
8785 14992
7672 3544
9557 4121
2958 16383
839 2082
5256 11607
15942 11653
16858 15401
8813 9376
11672 14056
4606 8773
527 2264
15228 15871
13569 13809
6407 17057
16930 7293
7002 3803
16637 6150
423 14047
12586 3466
13668 9109
8722 16549
6227 1629
17948 10976
925 10077
1168 9527
13719 4034
17798 3625
9788 3062
9980 12762
2860 8673
16875 15330
589 2553
2372 5920
10761 1757
3487 16863
17604 10377
2044 14752
2313 7581
1051 79
5110 16323
8202 14822
17095 5327
17869 9156
13268 4453
13937 5112
4289 189
12735 8798
12116 7603
8351 5052
11820 2169
17256 17880
1171 15809
15960 5168
10432 565
16008 8862
6026 368
5046 7195
11721 14921
16774 7406
16191 16136
17054 2199
15903 1163
17841 8974
2506 3753
12267 3399
6158 1396
4848 6298
9016 16532
6634 7846
14132 8354
13864 1864
12105 16341
4538 8505
7255 5359
15922 9493
7521 15412
3491 8417
17817 13712
12800 10453
16909 15201
6574 10517
721 2437
13092 10161
14801 6912
1344 10711
4207 3851
17118 16318
8382 16205
15209 9815
6565 7027
16074 9774
13421 2294
13249 1209
2269 7356
7752 17025
14915 4634
879 854
17586 9924
17583 5199
13451 7861
9001 13496
5240 13824
13106 2782
14497 10784
8148 6004
15912 12613
14870 16461
7907 3850
9177 8978
882 7038
17653 14799
13006 7100
9398 5282
10043 10355
10935 7555
10245 13893
10850 6094
17325 6249
7425 10481
6284 17463
16876 16269
12860 3792
3304 10814
11751 12003
13023 15864
12447 4033
13481 1589
16425 7683
5504 3067
7314 7830
3535 14661
6223 7111
13827 6092
16049 3969
12285 14417
2055 17558
15384 12983
10701 10944
1501 4017
3933 14151
11247 3409
6722 6888
9165 16684
336 4336
10311 2118
7606 2905
5721 12645
6097 14191
7716 14359
9220 17064
1057 5917
16492 6224
538 17117
2624 4997
3349 1753
3178 14440
6649 9769
14820 1427
15382 2420
9388 1403
900 5507
7807 13752
2451 6362
17621 10884
410 600
8311 13
8139 14251
735 16674
10595 3983
12847 3306
6310 9411
6135 7972
13334 6205
2833 12549
15649 11065
1244 14294
2271 2545
8663 5049
12571 11042
8253 13432
9757 9320
4418 8764
17768 15163
17255 16122
3484 8013
5698 4846
15195 16542
16820 1061
3283 5469
2947 12472
14346 7118
930 15694
10015 11295
3613 16150
12688 4300
12311 11284
16603 16921
14105 1247
12668 12774
2178 17103
4604 534
4258 15196
937 14449
3717 16257
11359 7782
16521 15510
13266 5728
8993 7355
17906 8052
12855 1011
15818 13890
10113 17723
4687 6355
1190 13431
15351 10012
7403 4028
4459 636
15807 13265
9229 15868
14690 5475
13642 4572
14993 14355
15727 8799
9911 11790
5525 17636
16568 5688
14031 15572
853 1410
2971 4691
12111 17237
15146 4301
2446 2016
4611 15716
4624 17631
13672 5285
3069 2775
15171 6914
11110 17461
7616 1004
7121 12994
16601 8946
8251 5536
1534 7818
3348 16881
6185 11736
6836 16925
10738 14389
7854 765
7418 17060
12691 3412
11997 11384
4814 12121
10010 3515
9367 4366
7994 11796
4435 5032
7441 17949
14847 9254
10389 11876
1785 12650
14095 1723
316 17484
15233 3222
14343 12865
4441 15288
12302 4439
13839 11488
8436 10254
5834 5838
6499 16670
9405 202
9983 6409
10100 9437
13811 17433
1033 8064
8719 7075
13865 7120
17292 10808
15385 11060
5647 15580
14001 11014
15190 11156
9433 16598
15737 11960
14736 11933
3724 13621
5248 16018
3957 7805
14569 10253
12670 12845
12489 12060
10714 8520
14590 8312
1784 13724
6985 1621
7599 3886
13667 2802
12264 6604
6143 7811
17108 6704
10557 6028
2688 16524
15094 7938
16700 11956
1604 3351
2454 15448
4103 9271
17612 3118
9347 6115
6941 13324
11641 665
14700 3241
1752 8426
14226 4709
5189 8045
8780 16698
8233 17170
15834 9770
10954 14956
1787 11281
2203 1225
12321 2638
5792 8138
2714 14679
1895 8225
10225 36
16730 14499
296 129
14259 12564
14032 11635
14011 17450
8010 12611
4175 3210
15492 17210
823 1228
13436 17443
9224 9339
16799 5896
11433 2994
11105 11855
11162 3788
6361 16722
3398 14566
1933 16115
12785 14474
14777 7285
8305 14190
9860 6101
6676 9899
4931 2503
1058 11269
16825 4285
4555 2391
16033 16541
17933 9134
7670 8740
8691 591
13978 395
5024 1622
6678 169
4199 12206
16311 13982
17144 17320
12488 8832
15943 6315
6993 5042
3815 3290
16097 15655
12562 17542
4881 4344
8258 12
2614 3676
16902 7305
4668 1601
11754 2246
13696 11815
12542 14570
433 15925
15537 993
8767 9869
13171 1769
8850 5198
6443 7836
9546 10266
13362 1592
14337 6099
5622 14017
2353 11321
11423 8547
6800 73
5295 10165
54 9567
6703 14747
12320 686
3767 7714
10338 3612
15965 7254
7531 11163
13300 4054
13716 11981
3144 6632
8835 16618
6454 12034
16325 8576
1098 10239
6245 7162
1153 680
6415 11242
8614 1866
14462 4136
10440 555
16683 4779
16437 7583
2256 13091
3579 5104
4665 2995
12370 6191
3618 15837
12008 12883
7552 10553
15480 15394
16708 1303
11422 5390
643 4348
16643 11718
11898 6075
2081 14554
2550 16001
6168 15029
13343 15982
269 13837
17056 9015
13611 3736
7478 13047
12382 16976
1123 12563
12596 136
3200 1173
1056 11383
8739 15907
2367 14016
7983 922
9319 2035
103 11720
17460 4477
13877 773
10819 17923
12794 2461
12680 9544
9076 8879
14858 10721
16331 9128
1140 696
545 4329
163 16559
1437 6372
3122 8011
17989 3061
6342 809
13986 10392
12378 4905
969 5313
16112 4232
4437 11517
24 4516
4850 6314
8506 14889
10904 7884
13666 17260
4782 3547
4135 11392
4974 15153
6193 16430
1519 15114
13993 8287
2209 1259
13193 9186
10019 973
15870 15286
2177 4012
5028 13458
18 4626
12626 17530
7696 16420
9 4700
13366 9131
8538 795
14872 6923
6674 13312
14516 1300
8140 17107
4209 17945
16182 7265
649 376
2080 6777
9653 6953
16712 16364
958 4985
15399 318
3857 5239
8098 16914
7350 8890
6062 11142
9566 8579
303 15020
9289 17494
15458 10480
13061 9584
1264 14441
16822 15873
7958 3692
10492 5137
1338 11805
15245 7362
63 13468
2700 3772
13217 16445
14062 14723
260 11691
2716 12945
4760 5771
17349 3320
6197 9651
8950 17720
3852 14565
17088 1912
16252 8519
5898 4912
17704 9687
13500 15450
14018 1916
9050 8478
1207 7510
12002 16207
15758 8887
14808 8171
5047 3092
740 14329
17123 14248
1617 11914
3642 16956
16971 9426
1160 8716
5195 8513
13477 15149
6414 2054
16146 3710
5747 7579
2906 10822
2039 11699
830 10960
4674 4721
12145 16227
3311 11581
17563 9926
3630 9059
14763 2063
9326 13304
12940 1651
6807 897
11134 9514
7270 9848
5961 9925
8541 2470
4165 12955
3594 9779
8777 14415
9617 14148
5480 13449
12220 7389
15004 3109
2493 11529
7129 2988
2932 2027
16069 12634
14584 6991
2193 7695
1105 14672
16200 7440
14509 6564
5994 14746
9957 3090
4822 7349
5338 17660
5154 17326
508 4341
4194 12521
12101 7408
13077 6247
6728 13968
12086 16102
16597 8638
6507 13267
1877 2024
7226 14308
13858 11785
2281 5273
8178 6958
10068 10372
10027 17581
2604 12152
8988 14760
7366 16946
7706 10869
5998 3732
12287 5778
31 8369
11259 5979
13945 9875
17638 15853
15145 509
12887 4935
13944 14484
2544 13162
5290 4712
15486 9936
8294 13779
15407 8849
16635 8522
7911 4886
2749 5124
7969 567
5118 4936
12137 13582
10422 12069
71 15147
15204 1698
14524 3041
15011 415
13169 13086
15802 10801
13504 1354
15652 14782
12061 17335
12226 8317
7144 17017
12513 5981
4585 6157
11882 14206
15848 1636
16263 4410
8580 12516
12929 6399
5157 2732
17097 12525
3796 17380
11679 12487
6572 4163
2034 11900
8015 7453
16468 2667
7741 16021
354 15222
14073 287
13041 9658
11576 15474
1693 16621
12498 9593
7528 15924
5228 3250
2840 6215
14557 13278
659 7037
2494 16566
2061 2763
1825 11133
12056 10082
13926 8204
9496 500
5582 4488
16872 11024
5177 2602
14228 8633
8059 1512
15884 4910
11893 9887
8024 15076
733 13536
13635 10535
7275 5092
16032 14052
10070 559
755 14390
2340 15105
14180 47
3299 8971
9373 52
2401 10477
10512 14934
1967 8629
7673 5306
8929 13714
2150 1812
13487 9896
13108 2435
13283 2194
9562 9305
16821 7272
11218 15032
15836 3317
9610 8383
4981 15067
7550 15337
11968 16502
16693 16672
1690 8977
10018 14205
3151 4216
9475 1475
5043 3206
10006 2510
9096 7828
6054 13564
14917 12030
1256 2559
3181 3597
16047 12432
8054 10291
3116 1340
6162 11906
11617 1220
12201 14146
8238 6870
5229 10540
11915 5014
3333 9828
9813 14685
10132 14629
13573 13471
16590 1494
8319 17435
6015 14689
901 700
12095 5389
4854 9605
144 6698
237 16912
17225 2175
15843 7619
9908 10914
12394 4358
11675 15867
11145 9976
2421 15663
8945 1649
6262 14321
13131 15936
17076 11615
4743 11454
11235 121
6495 2010
2794 11986
160 5355
4719 10320
5016 12686
14421 3262
8869 1438
15732 3644
10391 2762
6732 12585
6744 17535
5729 9322
5604 16750
7913 12904
4433 12811
11873 3267
17859 3941
6792 5802
12761 10562
17011 4364
12221 9324
9541 13747
5304 1177
4132 14615
6182 3524
9159 14418
9323 13965
15725 14605
15808 2339
11104 15310
6320 6819
14506 14882
13102 2296
8987 17232
6382 9239
12387 3973
17885 231
17173 12438
15941 11495
11437 674
4941 10978
3229 7799
17289 13199
5958 14201
1536 2597
412 15250
12546 5904
15832 5391
2349 8333
2616 15964
326 16972
4464 4892
12836 6624
2637 2306
1988 14521
14914 11844
638 13613
10250 9577
14537 4726
7940 5053
5372 6850
11421 9095
11428 3100
11063 15803
12936 1337
10640 17909
3205 6488
6692 6814
14223 7261
2214 11700
12379 16500
8837 16197
10072 15526
12602 10014
1360 5945
4463 3890
11564 2611
5008 5613
6397 9752
14593 12959
16790 9408
5409 9628
3532 3595
14491 16089
11194 5861
14902 1575
15276 2395
5277 12418
17444 1550
14657 15041
11313 5638
2049 3190
4911 12176
17067 15891
3817 8370
3774 14769
12038 13541
5116 14054
6302 7640
3864 5737
11258 3923
6830 15707
14086 15099
10269 16426
8497 17596
17701 7663
9621 15443
15500 15557
1910 3135
738 11425
10900 8329
8570 4877
6503 10685
8750 10603
12490 16575
2266 12992
11864 1341
6128 16939
13063 2206
6532 16485
3068 3212
7966 17341
14431 1902
3269 8065
13363 5644
17995 6809
5822 14571
11082 6932
17253 8427
2627 9162
8918 5298
16980 1730
4035 1870
5828 6640
7513 3747
15748 9955
4820 15346
4337 11518
2268 285
1445 541
9742 17211
11545 14968
16627 9970
8808 17190
1351 12296
7992 11310
1136 10709
13575 7163
8092 304
14683 12873
5756 6493
7944 7557
13806 12786
8786 16199
7198 7598
17318 17194
15362 3926
820 4757
2152 1342
6864 14293
16725 8732
1708 2147
13918 11925
16162 12322
15211 12812
6325 2983
5074 16116
16104 13361
257 16734
13364 16711
8725 5924
13021 15439
12335 2899
8401 17943
3234 11870
15852 11004
2068 1827
14608 13675
11867 8770
8454 9978
13691 11783
512 6775
13209 13237
9594 3901
5610 6019
14957 1462
11143 10792
7341 3454
4251 2785
5631 14729
16117 13252
5192 11826
2547 11889
9003 989
1505 3313
6324 7194
11434 15798
5645 2576
6100 16403
5816 1019
7587 85
16901 8210
281 15232
6121 8492
349 5837
2258 1348
13709 8073
10529 6764
1050 10841
9081 4137
3605 17477
5328 13766
496 16677
12543 11399
16394 12040
8573 6650
4944 5847
12894 907
5588 9756
16031 6715
9216 1857
4803 5783
17486 17487
1598 14913
10141 8472
2525 17707
6082 7626
13333 13339
14810 12250
6188 11947
4522 7057
9097 6243
12177 3669
11165 3020
13544 2286
17480 6857
16518 15553
5206 7033
4372 4531
12996 10336
3257 16184
5418 10694
7816 8044
16754 9822
4681 17727
6257 11199
9317 5109
7160 15494
4659 8948
7490 4864
14423 9949
6061 11904
8324 3663
1355 15525
1294 15358
2676 8377
7976 9868
11923 3215
6498 12191
11795 5171
6735 16714
4452 2103
17956 15893
1137 15071
959 3763
123 8562
4420 4566
8604 2176
17220 15256
2933 5760
3610 2957
2865 12858
8083 4045
13242 1970
8592 8109
8747 1873
7719 7248
12657 11865
1630 16530
13886 5740
6486 6264
16297 11209
17742 3552
12932 14640
11251 4707
6449 10536
10544 1851
7919 6329
10398 6356
5275 1830
2439 17608
7540 15021
14399 4224
15540 8086
16065 236
2119 8228
17259 5711
11697 1703
11733 12253
14547 12999
7499 13288
16471 11514
487 11373
14162 6465
6978 12372
5539 7576
8507 11435
2394 65
12541 16602
11776 5356
14986 7791
5762 1941
2894 1089
13791 1466
17680 5808
8207 5860
4539 7141
8000 14407
8745 1343
16321 16198
8587 16359
5030 7848
13130 300
9403 12991
17331 7995
16782 1760
4426 14705
15252 13734
1274 3789
8976 5365
1989 14136
13180 14877
11000 3540
12445 9761
2418 13213
11217 10255
16324 3899
12526 3443
2187 3419
2566 1802
8143 14175
17082 6288
7468 8469
4381 4792
16709 13938
11411 14518
6531 2156
13203 8028
4178 16970
14051 6890
1142 3416
9554 5980
5542 15859
10484 5369
17928 188
11687 17682
2393 596
6746 6152
6861 7692
14824 10783
2385 15392
7346 9600
17847 5166
5226 13543
10436 5628
1448 15962
15562 17277
9548 17263
17124 1761
4512 7032
13384 5054
14089 16459
16669 11288
4080 8108
7443 571
10227 16452
6231 4380
10059 14077
15158 11642
10108 3034
2497 11830
11420 3522
16075 4260
7740 8076
2646 7384
15552 2126
17526 3831
8724 11007
8127 8590
3844 240
17023 17538
10101 1976
6559 17175
13494 13373
5535 4261
6808 1669
8303 17313
14939 2799
3157 17452
9933 7930
1862 14664
16630 7680
10636 15825
13658 7711
6318 11322
9325 5444
11970 17898
7201 12718
14897 17577
14341 6030
9795 3570
2459 4353
14463 6146
3720 13669
11128 15828
26 2924
16979 12775
13048 6086
10984 4800
12733 9623
8295 15005
15517 15741
11127 215
12646 9058
6834 12415
17390 1138
15356 3282
9871 1650
6820 9415
7822 15594
13358 5143
4878 17926
17304 9463
524 11112
14456 16432
15372 5893
6046 12797
7142 6576
15627 11656
13947 8350
8166 12738
137 7374
3800 6881
8093 13726
3503 16470
13876 11597
14948 497
6456 6085
8845 8315
4645 3477
7157 40
14459 12390
11066 14351
16077 4274
11224 15203
10717 9404
3453 4357
2670 5075
13718 12969
13028 772
11897 4026
9927 11638
12306 2993
1506 17018
687 570
8922 5801
7960 2179
10150 472
3055 15722
9273 3697
7372 17416
5194 10449
8195 9007
7245 5289
11479 15881
2159 10126
7044 2672
13294 408
13686 10160
17785 1189
364 11817
17503 9443
1716 13566
8200 8585
11365 10560
12520 17966
10325 6515
17863 44
10568 15939
11487 6420
1538 7979
16138 10534
15391 9667
1896 17351
16087 2009
13664 6846
9005 8296
10352 8930
4617 4831
1120 1486
4398 1566
4920 6273
11563 13725
11355 17912
9834 11297
7149 8514
2508 5034
5557 12698
4620 4152
15726 13866
4195 1584
8888 11228
8285 11012
7432 11167
8811 17467
9632 1158
16940 6664
12227 9174
8606 8697
15686 8357
1619 10030
13707 17896
6404 5272
2144 9666
6505 15052
7708 12165
1263 11361
14348 9363
15600 3177
9430 4051
3907 14730
5139 16642
9981 10282
15656 10052
14650 5895
1823 8891
623 5373
2253 2969
5763 6811
7715 6720
9476 9329
6877 9932
1409 7243
15824 12553
3895 15291
3702 1441
6973 16456
5830 666
3977 1361
11009 2729
11747 3201
14065 11568
9458 14435
10412 13470
1984 7962
2842 6079
2684 1293
15529 14025
5789 142
14160 3902
13424 3369
16706 11106
17165 8537
15396 14637
3764 3577
2244 11603
1390 7325
32 9487
17662 17447
2029 15959
6927 140
793 10283
2560 16276
16152 2863
17684 17658
4801 8431
13080 3729
1711 15519
9150 15518
9244 7764
11555 8703
16194 2388
11622 14324
1670 2923
2277 5689
2322 1318
1216 5319
148 11887
15070 10424
605 9343
15335 13306
13385 3482
8409 102
1620 2052
11126 11761
11397 7824
12656 3827
1520 8270
9249 7491
12270 11740
9660 2069
1556 1467
5384 11985
9880 14880
5546 16322
2036 19
5618 7219
10159 13622
10625 14465
12980 1599
9778 2579
9236 553
159 4154
9662 11812
14279 13340
16522 13563
9093 17845
5953 9648
11248 17549
10310 10712
15865 4077
16495 5682
11481 11197
2870 15042
1473 10575
7464 10522
838 4298
12648 10193
1717 12366
16455 15819
3704 14320
2948 1666
6402 16017
16931 15630
9720 230
15530 3937
16910 2345
4688 1321
3328 15740
9221 1243
2163 4332
2574 13537
6779 13153
10063 7049
9556 3147
7016 8842
2603 2366
1994 13883
12701 744
7676 383
11121 13641
13441 11749
12927 11086
13219 3292
2443 1314
15267 8184
6893 16159
16842 1010
17093 8591
17645 4434
6812 5129
4218 1817
10252 9674
7523 862
12964 17916
6757 1414
2153 3545
4806 10277
16526 2651
13750 927
2707 1107
6844 9012
10561 662
16183 13740
11099 17257
9825 5990
14925 2758
13580 15012
11180 12947
11492 6398
12122 5985
11084 6915
5426 4693
11171 8521
484 3688
7608 5936
16788 13619
1164 1731
13134 10657
16014 13406
8102 3986
177 6070
6319 13623
6987 16813
4147 5172
13689 1934
15979 7101
14391 14790
3030 1203
8616 13093
16254 7140
3035 16536
8894 12615
6285 213
16877 13933
12053 13626
12970 12375
15772 258
10592 6427
10195 12243
4254 12933
9061 3209
14374 9062
7224 14614
8742 6763
3322 15759
3527 2966
14196 17970
11029 5552
1185 7886
12666 3678
8402 685
5144 640
15423 8386
17087 8074
2316 7736
13286 7863
13327 15711
2315 15068
9790 17442
17149 5211
1307 17247
131 6637
15176 9379
5939 14388
14385 16057
12195 7596
4018 7028
3191 16826
6805 6468
14695 2174
5701 8392
5136 3948
4432 728
9775 5908
3231 4532
3927 5453
2663 15187
764 14669
16644 9256
438 681
1856 9041
6425 17791
11461 13348
13259 12717
2701 8342
17778 3309
6103 3339
3569 7595
12480 2022
1728 6679
8897 1869
2066 15839
12608 17975
985 10613
17628 8051
519 307
9168 15639
8566 5255
434 16629
4998 16713
1668 9369
10095 6521
11558 10893
791 10998
14713 6445
15320 13633
10859 7008
9163 13698
8193 8641
4472 344
17774 5203
3110 1442
1925 1206
6651 4236
20 2062
16986 12063
3105 272
16819 8766
15144 3423
7190 9489
9615 17600
6962 15612
12759 14508
7739 12868
10359 12467
13452 6759
6745 3268
10578 12560
9331 6972
2703 1754
2848 16215
8512 11847
10246 6421
7757 11049
9397 12234
6203 10357
12849 15365
6491 7311
5862 16622
10176 4524
5884 16396
3139 6514
6338 4808
6316 16143
8307 5918
8331 12808
16762 6734
14676 16704
17800 12851
4923 14207
8503 12755
3132 763
9304 11709
7610 3549
16796 3380
16428 14209
8088 15075
11159 8150
279 14174
7496 3384
17756 2355
6589 8594
7755 449
14663 12208
9497 14816
7292 1624
14813 10812
7835 13392
10619 14958
5876 2835
8284 15370
7172 17918
17961 15074
9192 6906
11735 15631
13506 6785
8453 11941
9846 11135
12931 9401
4089 7946
13099 17157
9250 228
2293 14704
6171 8736
17873 632
12993 6176
1880 7561
14422 2533
13600 15926
850 658
7877 13567
17282 14334
1756 6502
915 1261
3655 4734
2280 6072
2038 16388
15766 6754
14734 16052
16127 12124
4422 17374
3960 16801
7686 120
16082 2738
13379 5050
4994 4882
6309 6933
8731 8723
10706 16533
3449 808
13525 6277
10669 6748
12538 16248
381 14653
16784 1982
9898 12464
10527 10610
771 402
14156 3706
10370 5633
16613 12728
12157 1806
4725 5318
15024 2095
16407 3468
1791 6031
6600 5091
7290 3881
17557 454
5268 7900
5302 9928
12963 9520
17039 7925
10279 10874
12743 1653
13615 7473
4843 495
16720 2963
6587 9025
6995 11669
15515 17942
4423 15775
7462 12289
4638 6418
4133 8969
4082 8757
463 11630
12419 15546
9469 4755
7218 7908
7493 3368
3721 12392
4173 9164
13205 4988
2307 10265
14312 13137
14311 8330
12667 2300
17932 3204
16673 14020
355 11944
709 656
10681 6916
4076 2728
12740 5940
429 4656
315 12815
6050 16928
5597 15966
16086 10860
14454 760
11971 9046
11464 16781
11160 5061
15523 14404
3733 7998
12442 17035
6159 2359
2077 4748
4527 6059
9725 11932
11730 7746
2974 6098
17921 4362
5813 2070
11333 1420
2526 12660
13139 14218
6220 15380
14603 7378
14985 13342
14879 1043
4208 684
7842 13673
13409 14119
11062 13141
14568 5651
1241 8660
10427 16661
2249 16555
1487 2074
15253 17567
7570 11600
6455 16938
2997 9130
8301 6510
17069 15614
7097 4968
4787 1702
8460 16944
7416 8087
11522 16817
10968 2042
3249 2902
4751 15471
6116 6871
17125 7040
16002 15237
11993 389
10599 17065
17397 15789
2181 2739
8257 9381
2278 11280
13970 15817
12331 2375
1330 16299
924 15844
12130 3428
13685 450
11155 12076
10853 4953
11982 15971
7543 1170
11648 11451
17236 2321
13097 8163
11080 17342
11650 9208
7348 8632
2399 113
1499 11535
12684 1362
428 10334
15749 8448
8344 5305
16129 11767
5069 6025
2390 2641
11856 13818
1546 1316
7723 5235
7878 13703
3182 15341
4141 3872
17524 12147
8854 10727
4786 17347
11429 9654
7881 15470
6480 2157
2555 14604
245 2792
17959 8772
12948 8525
17303 2134
13007 4339
8727 11371
12096 11469
16282 9070
6908 13515
2458 7646
781 10785
3338 11530
8783 12435
2377 16201
12277 15002
5826 9780
6411 11335
12844 14514
8418 2496
6635 16748
1052 16419
8901 2976
2406 3791
15850 4322
16160 8203
7329 16728
116 6743
422 10270
9876 14739
1689 4200
16620 15841
10147 7359
16778 4592
13841 12946
8308 13516
7153 15223
4227 12359
3159 3683
17611 518
7331 17987
1465 17308
15454 15981
8755 2053
17584 15327
8985 15077
78 1413
14460 5498
192 15699
5809 8180
9881 9969
15395 2765
13677 13435
12214 12436
12609 3955
13250 13241
17070 16994
16742 12361
7096 15314
2873 5969
2226 4809
9127 17264
1811 9155
334 13805
16055 17938
10684 17536
3929 13674
2938 15093
8500 16345
4203 10691
15366 12377
9450 1490
13088 5402
10293 1944
4664 10087
9004 6899
14611 4964
10080 8728
311 14125
3078 8553
13732 17613
9843 8415
14875 5693
9170 4503
4096 17591
13987 16513
15826 34
17078 4101
2168 1391
3716 10500
16029 10862
9431 3501
10478 17849
10579 2520
5869 488
14671 4540
479 11757
7071 1356
4387 13995
15234 12974
11877 12381
5836 13311
17274 16660
7025 13115
13488 3739
1905 9147
14708 17794
9227 6047
4479 8375
1775 11415
17615 14419
16293 12301
6669 15985
13397 17647
2333 10276
11008 4856
11964 7310
9452 12928
9333 8133
6132 12639
1789 16409
15285 17428
11547 5165
10802 13483
16529 17178
11095 5661
5258 8194
13307 12915
16805 17439
13636 10428
7762 15720
7396 651
9471 11329
7447 15685
6228 17315
3748 2517
11791 13955
10318 15122
5897 8797
2007 10326
3601 14060
2849 7
14249 13989
9604 4613
9800 4404
6868 14478
2666 4549
16823 5659
7517 17046
8159 3426
15693 1387
11703 4637
9382 16955
283 4950
8248 3652
10882 12213
13597 780
644 1743
6554 2089
16573 12417
12633 16789
7631 3756
2653 4536
3946 4654
3214 1915
741 12600
2392 7754
7078 4909
8876 12112
5344 302
7725 7751
13650 16860
9090 8002
15930 9572
11020 13627
11988 17702
2040 425
2655 12300
10999 13984
2485 15633
16291 8805
100 6610
1609 10942
9657 758
6187 8634
2910 9011
15482 15227
14904 16156
15306 14622
16894 750
17085 16787
9882 286
12863 13699
475 7648
2911 2605
6107 12998
10039 2217
13232 7637
7975 3980
845 25
1129 13151
13054 17892
15220 10385
6305 14214
13034 11246
182 15226
13359 7585
17155 8292
13480 5758
10820 9934
8834 91
14171 12905
7647 1938
6586 3070
9627 12007
7335 14393
16034 11624
11602 7520
863 17594
5430 15101
17059 12346
17675 473
12103 17839
5217 1054
10154 6039
17091 14111
9284 13873
2635 15258
3136 3332
7056 620
17388 13165
2128 720
9991 3783
8865 13425
2678 3782
17423 15307
17299 11626
17569 43
9643 8648
9380 15842
16375 2748
942 17974
3008 2452
8550 5197
13722 13929
5323 5398
7178 4460
17668 7220
9649 1365
1476 5349
3365 5857
14301 362
15512 17205
8438 16113
13253 4899
17700 5242
10148 7887
16501 923
7779 10466
3776 7947
7665 7262
8310 14245
17534 17429
16611 2681
4333 9539
4921 15951
5404 9537
7415 2773
11078 1471
12154 12274
5842 9287
14085 11799
8154 9637
16448 17398
10982 17585
10731 16578
17278 11445
4213 8744
16302 9823
9328 13039
7458 12529
9684 10824
17328 13103
15284 9386
17812 5100
391 14433
1993 8806
13598 10622
5719 11300
8091 1687
16385 9063
10140 2950
259 17767
7232 2102
361 10729
5888 14182
7439 16924
16528 3922
16649 9727
6980 14340
2793 7604
834 10441
15265 11111
8304 675
2255 663
2644 9732
16958 1489
17437 16066
2045 8936
9055 1404
13530 7222
11838 5877
7594 17505
1109 6333
3627 2191
5004 1631
14225 6102
2483 5486
7495 17136
8804 12295
5562 12979
11189 661
3550 15157
15955 2227
3485 3938
677 14398
11275 2261
12246 17146
1767 12429
1266 10038
10974 6522
16391 16504
12259 11515
4785 9818
8572 15497
5657 2677
10242 13004
10776 16840
1815 1861
5121 15445
11714 7897
10894 16889
4776 4686
393 1705
10947 10919
6617 12856
11575 4117
16545 7684
15549 7580
16862 2259
8343 16170
16435 469
9944 10901
13010 14481
8597 14765
1799 17551
3718 16949
5201 6992
2628 12319
5849 17485
12703 2746
7869 7234
13321 13912
1961 5263
180 10016
17515 8657
11019 5257
2856 3370
16188 200
5322 2211
13022 7187
7753 10793
8702 10363
12870 12094
6291 11113
3640 10420
11921 12764
9348 2059
12318 2504
1065 10623
13428 212
17545 1113
5795 7064
457 3506
14238 6169
13282 16280
5413 8380
2640 9507
16360 4293
16107 1406
2026 5833
2351 2404
9298 9206
166 3661
2330 1143
5616 11978
7333 6937
8376 7778
8620 11222
14053 10341
12380 2023
7211 616
12458 16830
17537 5141
15659 11712
3512 15957
9803 16888
15317 11829
14288 16913
10133 7968
10406 13118
3542 7288
10319 10505
17672 12141
3390 11753
14048 15592
2702 11200
9483 11567
13795 11026
17040 16588
3266 10040
3220 10309
16088 17212
14845 7485
9200 12110
2824 9414
14038 320
14282 8704
17568 227
11030 277
17099 17824
11203 7486
10418 4097
8395 4977
13079 2324
15182 10129
3964 2900
14850 17761
17910 9947
2229 15876
12524 10955
12159 3230
7906 10929
13075 9246
4142 10703
10868 7043
15885 10503
15159 2705
12895 15888
9914 1881
9730 17337
8994 13502
2712 14849
7013 8430
7506 2801
12174 4579
3026 7675
4955 8297
4312 4596
12485 8078
225 14773
1842 3280
10110 3410
7015 6657
8536 12001
15431 14572
8254 2561
3653 12978
5446 17670
13558 2825
1946 3731
13459 1076
7105 17881
1614 15833
5219 12846
9120 2020
6528 309
11107 16287
12677 8681
5227 4287
3591 16289
15986 2632
15132 16942
17077 1474
11659 15325
6936 14976
10369 9892
17002 16222
5096 697
2192 17709
4568 14795
15584 11521
11254 2755
4025 13932
11394 1007
13214 8477
13849 2328
17244 5735
7161 106
13748 6950
4307 13861
6334 12935
14381 7021
16101 11185
4999 1710
4318 319
446 6376
14600 4771
17348 5360
5666 4630
4083 9641
14298 5156
13618 829
3920 15292
15321 10314
8179 6892
9316 2006
1284 9611
11816 3673
5412 14087
12753 5928
2880 5025
4469 13357
14274 17245
4962 4614
10957 4790
12871 17579
2977 7459
1231 16556
4228 3919
1212 11658
10789 1400
8286 4283
13493 14339
10036 8433
7901 12297
13197 13676
10891 15308
3016 138
2046 3879
9714 11878
858 3066
15240 11102
11484 4446
17 5995
2116 8423
9910 5307
16438 11094
17457 331
239 4629
15138 6232
5002 2713
4506 3321
16067 6368
12802 8105
1078 14750
14239 14856
5594 13654
7837 16151
4397 6180
14386 6369
7287 9735
5276 8425
5573 9923
8206 10044
13104 14429
12482 16809
11739 10791
6253 2913
13631 896
7061 12198
2511 2788
5438 1193
13466 3822
7488 12143
7797 6971
1201 419
8578 17911
12046 8335
8104 6783
16604 12545
5138 14108
13957 1863
14361 5035
5607 15150
8508 16900
9680 12358
13492 1904
17306 10344
9826 10459
14606 12679
12640 5793
7428 13111
452 6122
11979 2769
16553 517
9829 754
12441 3670
9084 14502
16474 15107
2071 17490
15788 6611
1045 2723
12989 12440
4884 3589
5309 10602
956 10142
10588 14183
17575 4769
4185 17934
2292 3158
9277 9039
8751 2774
9432 5603
3413 1533
5081 190
15312 12853
7974 5905
14680 13553
2538 13323
5787 15856
968 11349
13081 9576
3358 10777
14354 5807
5005 3891
333 17375
8100 6141
6878 11272
15587 14562
11680 14373
4371 2003
9938 174
17813 7889
10381 4588
9935 14231
1543 3053
16454 11449
10169 14555
4255 13133
17980 16237
3877 5113
6556 4016
1920 9865
12288 13529
282 13578
12071 15426
10071 17740
2112 10804
10735 814
10552 10452
11512 8397
17864 5013
14762 3047
12376 14088
17189 14230
492 12732
17090 13390
13976 4288
1324 8961
16406 3555
10679 12745
5411 15207
3861 17420
16651 14826
17492 15506
5619 10618
3148 2397
5320 7205
15437 3146
5329 16054
6052 1281
1577 3221
16003 16866
4789 17142
9697 14662
576 3406
8998 8955
17047 6235
13344 1911
2536 10350
4898 12558
6705 7274
10707 4291
16303 14556
17951 15095
13655 10644
13810 15199
6517 6872
267 16164
14947 14552
972 12323
3976 17625
1416 14482
6707 2455
5492 17193
6023 13125
12041 12351
3680 10746
15128 3953
9178 766
14932 14106
4413 6647
1187 8997
7804 6942
10516 13218
14623 5996
17790 7832
15508 3300
11987 7612
7479 263
10228 4837
17919 6453
13049 12806
5291 2135
10354 17833
1469 11710
7236 111
4868 5843
13030 7650
1453 7067
3543 3019
1372 14212
1275 4926
817 4279
8273 13889
14846 6163
893 8229
8356 6682
14732 1073
11501 4193
254 5021
15712 3236
8246 6448
6843 10413
11969 2558
3327 12015
12278 1233
11139 2937
14703 16381
13251 4324
13338 2898
9207 2512
11332 1039
5089 4732
7539 435
8689 2341
2478 13959
12199 13551
2220 3170
17362 11823
22 11562
342 16225
5779 1096
7548 10251
530 12433
2551 7361
6127 14596
6258 16671
734 13149
6164 3297
15324 6910
17540 8130
72 15078
9486 16596
5596 15812
7394 14496
2669 4564
10330 12832
17296 13556
6867 6419
13216 4867
11611 5231
4600 7904
16964 8687
5270 221
12557 17559
10054 12396
16691 5648
5440 1378
7039 10033
11974 9841
5442 1527
1652 11663
5768 13173
3476 12169
16726 8517
10302 15610
8121 11788
3098 1366
14208 9939
197 12897
6939 3961
4104 13243
5978 3183
4229 6464
16072 14203
16816 10880
15609 6296
15556 10088
1966 3402
2161 7687
2380 10538
10742 6460
15174 11651
2130 9764
6511 4190
13661 4303
526 16098
15465 16856
9107 17735
17294 14332
10206 16373
11192 10724
7671 5330
4053 6161
5627 6432
1511 4072
17816 4603
9692 8037
6842 6138
2699 1424
17835 16444
16177 15791
17135 10565
12784 2505
12575 8588
11610 15427
10593 15527
7953 15683
9311 14090
4129 15019
8266 1846
15613 12792
7651 382
11819 12012
14909 9023
4073 6470
17269 3065
10026 5135
12204 9810
14636 12604
12314 2323
6721 5846
10465 2819
11430 17999
8996 16357
3362 6229
11401 5249
10774 12906
4321 14285
11380 1734
11336 15872
16605 1273
3637 13291
10811 16551
2836 669
10931 12452
8871 13264
2334 16686
1545 17207
7166 12713
11443 11652
4929 1455
1436 6459
13136 14681
10207 5887
9176 2568
3865 1166
15995 7821
465 14651
10482 7235
9252 5456
1832 13980
9260 17779
6013 2172
15718 10899
12414 8645
7062 992
3404 9765
2985 11924
3164 1376
1678 6999
16710 6666
16918 16288
14261 14250
12286 1732
17367 14881
6770 1432
9261 3909
6613 15353
6539 2488
1282 5120
10760 2820
5899 12173
16050 11787
12146 17008
2549 11890
1673 5714
3391 9698
6357 8141
7633 1591
683 17138
16523 9074
679 8267
10546 12028
12168 17489
5636 1704
7730 7758
7487 16296
8482 13430
15822 8215
12197 2424
11017 59
7298 7843
5058 5126
16043 4594
15565 8661
14954 3048
10034 13368
17629 6659
15425 3260
4473 11198
6558 13857
9112 1888
3562 4966
427 13738
1532 10504
7167 11036
1422 10705
13202 4528
11353 4504
4775 6668
16158 11416
398 9724
10360 8761
1586 12556
10940 1758
4764 14286
13511 13062
6944 1674
12649 847
724 10537
1009 17267
9958 6123
12368 1302
10179 14436
9532 6639
15062 15045
9963 10585
2975 11843
11550 3989
17643 13129
10315 17392
10345 11347
11213 3770
17825 1286
11973 4957
12193 3131
7253 12292
4740 4014
4363 2008
4661 14470
5403 2288
15473 12048
16898 10781
1568 9555
3693 10980
17757 7509
16538 5839
107 10563
2434 10221
837 5102
3432 2659
6920 3094
673 3502
16692 15162
3604 3169
3472 8920
5379 6236
704 6001
7780 16695
16421 10183
9793 15599
4444 3393
13681 6206
16666 15847
8827 17476
1298 13347
8165 7036
6630 12166
5496 11140
17132 3334
17421 11327
11225 10411
348 13351
9659 3400
15750 6255
3775 7793
8953 2664
6513 5299
10471 10752
7115 4153
7834 13303
6713 10397
14494 13571
7732 1401
10629 11440
7470 4032
1996 13231
21 15466
16285 9267
10401 16411
2885 8209
17393 6917
11358 4883
7059 3027
238 10029
13412 5951
6278 17725
9154 11526
5502 17022
14541 17736
6248 8187
1737 4745
4317 16434
17996 12256
16169 3999
15038 10
13143 4188
3561 7674
7241 4852
5450 10965
14534 11219
17894 8858
13389 9984
7770 10597
16422 8852
14844 15300
15671 3162
10170 8164
11738 2361
505 16294
4382 16009
9274 16745
3331 12049
385 678
7903 11533
14165 13741
17381 481
14910 5380
1412 11260
10835 9578
4784 9467
10634 17520
9586 9852
12004 5454
3389 2954
9992 14467
11647 5484
3726 14716
7401 2862
14050 9630
11438 7257
13346 10473
14254 996
8403 16142
11884 353
1840 6889
9696 1236
1639 8831
12765 1299
374 11006
1017 8995
14786 5706
6370 1411
15247 11525
11493 2127
14066 17978
9903 15607
17747 3217
16195 16766
9110 11257
13299 10807
8035 11811
13800 5178
5399 2272
17772 12398
4984 3296
10486 5947
1771 2352
10590 13749
3945 13583
6133 9633
16917 12047
1729 6265
5362 4694
3629 14619
7825 16838
4131 15373
12990 7553
11393 15249
16190 6711
9522 13574
1267 12625
6644 6297
14410 12838
13603 14598
2816 6010
8260 9078
3359 11504
17836 14155
16615 5967
3537 739
4461 16094
2143 2450
1036 7916
10479 5405
2158 4903
4405 16933
11360 2453
10249 14573
3804 7193
16783 11169
7693 11502
9785 3286
7632 5027
13090 12683
9990 14064
6112 17984
10912 4483
5162 16832
17552 14043
6217 7456
13920 13316
3743 2473
14639 3657
17412 5115
642 17651
16747 7451
16861 14365
4049 15269
4811 10240
9151 17599
314 11686
3242 301
5098 1055
9064 17021
3563 13901
1821 13771
5635 11609
2350 7844
17468 14262
14580 7959
3107 11629
5637 9021
10073 15621
10827 11265
8543 4367
11742 4574
15739 17034
9886 3944
6142 12768
6208 895
17122 2744
1654 11962
4197 16751
1326 10985
9816 8917
7931 7324
2877 15528
10547 357
1853 943
3778 9033
4815 8265
12589 17691
7750 1660
4458 8498
8913 325
11871 17266
1251 14310
312 536
4481 5395
17131 17369
6040 11477
10356 11286
3619 13120
3049 9091
10630 12252
6900 6854
13046 11976
6833 12144
2210 1776
12614 1822
14403 8487
17499 3611
10313 11403
2570 11085
6696 17015
9435 15013
15090 9421
15043 3925
5506 10775
6997 12050
5068 1479
14130 8705
15161 13008
14893 12821
6120 7497
13036 4120
14726 12245
4928 16550
14906 6628
5001 11338
2871 10122
8182 2189
918 9542
16123 4390
4906 13652
17153 6117
10570 3431
17114 16362
17802 6829
10009 4376
4273 7484
9831 909
9705 10582
14234 16595
7174 15495
16985 15463
4118 12763
2805 14550
5324 12156
9762 8379
5386 5650
15997 16737
5601 14825
16586 17748
13161 17134
9203 14859
1186 13812
7419 16181
12042 7465
14809 7399
12373 11692
2630 5494
2378 9047
13816 7501
1179 16880
1484 13145
17971 1930
17209 7455
6925 4023
366 5814
13694 15668
14368 4134
15700 15983
4718 8419
13522 12700
16558 3910
8549 11497
5127 12454
1304 7042
11287 5064
3188 4343
10107 7905
3112 16025
3007 16879
12455 16619
17050 5261
9149 1322
6534 10832
10696 4583
16371 3237
9173 14836
5209 6966
16843 10442
12406 343
3730 5543
4403 10272
4412 8743
16572 16335
1242 5678
1127 16824
8907 3845
8264 14283
11279 12389
10533 11778
8564 8527
3095 2037
9231 7060
373 3258
3052 13874
15315 787
17562 6388
11998 17666
5750 3621
7278 7426
9350 5315
17079 8636
14854 8211
12043 10007
14525 17590
17268 12628
5084 8882
14101 10135
1480 14268
10845 7635
8362 16240
14495 15488
14402 1346
2941 15248
13913 3185
9700 7460
17543 17010
13189 5634
8126 2642
15667 2649
618 13245
7942 11644
17685 6524
13589 1797
17587 1522
6241 11531
13680 5971
17009 12941
955 10076
8563 12443
9614 9257
17946 6758
10403 2180
14309 7690
8847 15502
4778 3648
9303 11654
16006 3853
17571 5827
14387 5641
7276 11262
9753 9009
16795 3446
3838 392
1613 15674
6913 11301
2104 12021
812 15890
12148 11164
8951 10443
15379 13473
1990 6622
1132 10093
1615 15452
16172 143
8279 9814
292 10733
7108 16387
6998 3572
7299 9743
1824 5489
9492 1452
4967 3754
12251 4015
8548 8021
6718 7707
2999 1332
4933 1792
12510 15264
3326 17098
4861 12142
10375 17086
7181 4124
4457 16451
4486 441
748 2890
16932 14837
2990 13026
4972 5551
12518 16120
12496 13087
12635 10439
14792 12416
6579 6895
16927 10545
13014 16020
598 8230
5832 17401
17181 13124
12678 8640
16462 17427
9188 14927
12229 7957
7639 10196
13939 2160
16233 2011
10263 2876
8679 15878
15236 3411
7435 12411
5929 10875
16228 1890
15246 14916
9106 14953
2562 15172
10437 8599
10996 3836
12623 8609
4361 2123
4492 15605
2195 8181
4024 10855
17856 11389
1640 8781
1464 14008
1042 8624
9336 6619
12018 1367
5033 16392
14233 7666
1377 273
11450 717
797 12135
3091 12349
14597 16744
15115 9202
15100 4192
10950 12605
12515 12035
15398 1875
10262 15079
5083 1181
15769 2634
14371 15713
15742 7967
11467 4485
7999 4360
8715 1104
10951 2920
7398 6948
11952 9850
806 7713
11637 4355
15679 7242
8048 2686
16332 13155
953 5717
15938 3892
1507 4526
2417 1184
6661 8022
4871 7344
11509 5461
12054 8449
15908 4730
4078 16505
9014 15628
9565 11623
3276 16890
5630 13884
420 2312
2864 466
6400 15066
9929 5864
9511 15376
4212 999
15053 886
8581 4922
15558 7652
6837 5794
13262 8775
11319 1003
14461 1481
14531 8779
1706 8807
3371 967
5151 3374
7537 16119
9672 13305
12009 5609
2166 16812
12737 13150
3298 14576
14896 5385
617 5815
5060 13398
10292 15738
10698 15935
10695 6509
5436 17449
3285 13966
5161 10670
6129 6822
3022 13475
13152 17300
9559 7643
615 9209
11548 15112
4164 5424
16092 12552
16379 595
15677 16015
15274 16354
17899 14946
10928 1942
4406 1847
2365 1922
1269 3855
1227 17496
1959 10836
12020 3000
14682 1374
16022 12495
6642 8470
17203 9158
10296 2425
8277 14815
2754 3829
8560 513
4530 10208
9172 13697
8047 16687
2383 0
11052 6504
1521 5303
1531 16975
15424 7058
13402 14432
16705 17872
8462 2154
5511 13585
16460 13770
586 13825
2311 13469
2200 246
2094 14442
1523 16697
3439 9661
220 1195
8622 8510
15127 1235
14545 1200
725 12727
7964 11724
7769 8684
15906 16868
5883 17770
903 359
414 17479
4465 10788
10659 3096
8272 14936
1015 7301
10430 11083
9290 4290
1685 12342
16185 8111
12659 12807
4640 16431
15072 3840
13983 16096
8692 13227
17705 12099
9913 17967
6037 184
14178 8145
13614 1948
7431 16853
15064 14898
7191 17377
2972 12260
16310 6596
13503 723
11922 1161
11912 4095
4349 2967
10178 583
6172 17188
10284 4679
1655 13604
17867 3208
6287 2818
7765 10102
4560 2917
13354 17102
155 13640
17041 2953
9723 11354
957 10700
9789 13715
5088 2783
13011 2028
1809 7568
229 10871
7573 16036
11760 1764
10096 11875
12499 3023
14266 17714
17478 17655
5810 2636
8615 15790
6125 17929
9513 2139
7649 14512
14029 5410
16570 2922
15410 612
6250 12449
11770 14295
13464 5879
9166 8263
9951 15626
6429 9491
7433 9101
17043 346
932 10720
2362 1327
11857 12876
4673 17501
11100 10583
10918 8791
1913 15611
489 17960
5079 13012
4294 8863
15283 13568
2665 14595
7303 8274
76 4736
10615 9045
17284 11114
12462 6974
1121 1154
5147 16682
1239 4631
2213 13271
2961 5483
15080 8803
12707 1162
3956 12965
16960 9199
10513 10911
3598 3798
17810 4231
17019 5169
15404 5800
10780 5640
1429 6354
13767 8574
14838 5867
16253 833
10308 3310
4513 7094
7109 7110
1146 12987
11089 2122
6859 792
6695 6219
16535 1929
5237 1513
8621 12818
1194 9922
7336 5499
645 3566
11695 3553
16865 14455
16361 520
17169 9278
2086 13211
9857 17857
13170 11636
2648 919
7691 15866
5731 10654
16926 17693
15535 10817
9773 9794
8394 3281
5101 10646
7244 8710
17383 13178
5095 6392
1612 4991
8177 3288
10368 14006
9226 2358
11773 10144
11716 11237
15585 11344
7326 13746
12624 6275
9551 17544
9423 1992
12943 10933
10772 15108
7342 10469
6045 15440
4797 11417
13509 16051
14022 10079
10130 15435
17823 2015
8363 1779
61 17246
2236 2786
13329 17248
15119 13916
7070 93
17080 5371
2125 7106
5564 7420
15160 7343
1141 816
15709 2197
8733 14396
370 16258
3970 10896
3905 10124
8031 8032
14938 15035
5726 58
13644 1736
13808 14046
15457 4161
8027 6218
16370 6979
11293 8884
8914 5212
10399 14998
5036 8575
3839 6643
8873 10217
162 11995
323 16145
7197 1872
16797 5574
13094 1777
16520 13350
8115 2235
12403 4395
12484 646
11491 8829
17332 14353
16950 3773
14257 6213
16699 17789
6479 6209
7697 15736
17330 2048
17633 3121
3771 9931
11828 12588
8706 11937
9787 4942
1199 5845
9444 5865
8396 2270
10226 9018
9395 7645
9481 2962
14996 3904
8589 5471
516 7471
17414 10823
4454 8713
1692 14115
17379 12477
8224 13082
17679 15460
13781 5569
13224 1234
2708 15813
15723 5968
4648 12924
13784 5595
10778 15151
15006 10946
2584 12468
16446 1712
15745 14179
12966 1868
13196 8168
13096 1067
10810 12582
1688 4917
5468 2445
2730 4623
2325 12976
2371 745
14067 14648
14724 16168
4043 1504
6441 4742
13762 16718
1749 9728
3450 7289
11010 6717
597 9434
16833 4415
3289 14147
1155 1657
17354 6332
15536 15793
13831 11439
9354 7227
2414 15268
17878 986
7617 13407
16216 17148
8794 16376
14177 6412
10861 2875
17573 7138
7541 16030
15084 2238
6731 10551
17234 7518
14771 14296
8653 7980
16061 13413
6136 16934
12017 5208
15937 16203
15318 8979
8101 8117
16103 11340
1369 4183
6816 2809
8173 10865
14564 7048
10594 4059
10584 2
16344 1145
14405 11193
3511 13794
11794 12384
17110 1677
17861 4342
3064 10624
11318 2844
9425 6645
9253 12655
10676 8539
2155 17068
12032 6266
7788 8494
16587 11418
11825 16326
2519 117
11957 14945
16600 1908
5654 7546
579 13204
9712 14727
3363 6383
3768 17399
12051 14075
2915 12618
12315 7891
13433 6550
7813 2598
0
