18000
15754 1101
17449 4232
4825 15311
6811 15259
5176 17938
16077 11146
10404 15606
7396 1884
13095 2913
1804 6845
14959 6000
141 2282
14803 12477
2764 15700
6278 16457
16358 14560
17931 15495
12290 1220
1397 8151
11052 7472
7466 5661
13276 5055
11565 15556
3732 16589
12544 15652
9348 5822
17982 15573
10012 10637
10774 296
1988 9741
16583 5440
1028 12396
441 12482
14963 10929
13261 2191
11386 4942
17404 6663
9746 9299
2267 13063
1194 17390
4318 12984
13705 129
4348 850
6438 3935
7579 3517
17516 17966
2838 16947
10771 12035
2840 1540
7847 8476
13735 9290
4462 5339
6925 17619
10439 9486
13550 16128
13978 8498
1442 11011
3719 10547
5675 8563
7791 15952
17598 7622
7818 9216
11836 12836
15355 7587
4818 4835
9862 10532
3887 623
4301 11249
4804 4289
4768 13911
16705 4443
8055 5354
8073 16103
16921 7890
11953 16339
17633 11860
13708 14188
4005 6399
14274 15014
4822 7684
5206 15465
8946 15938
10361 10991
6587 5582
13147 7717
4813 3629
312 722
4419 2832
1177 13573
7034 8261
9499 7411
15129 7720
15420 12193
3591 13441
9048 7248
6912 6294
11019 16764
9715 10490
3903 3551
3046 4877
3271 13996
9854 11332
14818 14335
16398 8914
9994 14197
9391 4474
10053 2170
11678 3765
8945 14130
2157 3231
16272 14587
4651 8951
1493 15492
5020 5402
13117 1224
16572 447
234 484
9047 13797
5676 1254
14070 17691
7259 8329
7731 2259
965 7861
5651 8506
14376 16714
3805 3892
3374 1837
11964 13670
17064 12115
14636 17071
16527 10778
5614 5570
1563 15868
13498 14749
16395 8526
11525 5851
14700 17667
2675 8796
10601 17413
17012 1025
17197 16248
2903 15838
13310 17433
16590 273
5481 10768
2199 13181
10753 8873
8357 11404
8400 4721
8345 17321
14989 13871
13617 9772
3400 4030
12114 12700
7380 1178
1656 3725
15203 13322
9501 895
16835 12882
2265 15508
14464 15989
11188 15272
12125 13149
4333 14334
14140 1864
17415 2564
9826 13986
10366 4996
7046 13777
7619 114
622 11938
14792 14539
7200 3650
12757 7853
4766 17482
2318 4834
3195 9618
3876 10791
13180 8465
15764 17793
3087 11898
7038 5778
12461 219
5746 3041
3135 9788
11886 9475
2419 2965
7079 15256
5579 17929
5488 7167
16776 2470
14103 12204
6957 13922
4264 15028
8275 13412
4791 3948
8439 8590
8095 13511
6295 16689
8991 7978
416 2545
8493 11853
12377 12430
7620 4711
4159 3777
14184 3826
7456 171
7211 2551
3638 4650
13950 2648
16040 3717
8802 579
8247 10368
13909 17083
15150 7500
2573 14129
10787 17015
14445 12914
5598 13794
14937 1579
6941 14572
7218 15368
497 17441
9604 14641
17104 11529
363 12240
2596 1581
4567 15920
16838 12730
6127 16564
17849 627
145 8371
16899 15154
13150 4525
8126 4269
9035 17888
6229 2274
6522 10911
8718 15199
5166 10212
5981 4544
8770 13203
11144 12003
17715 5182
3584 9903
17606 13371
9705 9983
6899 15752
5177 14336
17153 3009
8846 2680
7609 2502
7112 946
6017 4874
12559 14461
4850 6131
5120 9675
8134 14914
688 5705
1664 17067
11363 13487
14715 9766
17858 17638
15324 12526
6157 5595
2020 12307
13925 9965
4786 4430
908 1097
16849 3680
195 14453
10035 14945
16723 7294
6697 3050
4806 5362
1772 13120
11580 12592
8128 12151
10422 17669
12528 2762
6825 5507
9665 4090
15773 4951
12152 14566
11726 4343
11296 5645
2788 5535
7252 6194
3594 14570
15126 14733
10394 9793
5505 16660
4810 13295
3931 16549
6829 15649
10558 4769
1055 17608
10327 1813
4168 10644
1969 6126
1463 11049
5565 2293
10579 14268
3611 7809
17864 8314
3497 13980
9353 13908
13848 1610
9957 595
10432 13852
8809 16626
3699 17170
1460 3992
14309 15388
14480 17400
14245 4545
14262 13268
8000 8588
16699 13277
16730 7214
16695 815
4413 710
6490 8406
10635 2441
4111 15515
868 2065
6729 3941
12192 15919
4884 1946
13646 12068
14697 14799
2749 14521
10789 7825
7661 7708
13919 15695
4311 10610
9332 5397
4513 7796
8009 2894
1015 488
17879 15757
12871 8724
13998 3232
13115 15405
3132 134
10826 10287
8373 9602
1978 8804
8208 9920
3865 4793
15151 15903
2082 4454
11278 14495
17762 10036
15697 9083
13482 8074
3971 8883
655 1506
13162 12034
8679 15263
1351 9420
7854 10159
13100 3088
2892 3390
1731 1694
11672 8198
4917 2092
2988 2412
9917 17863
6823 2656
2330 14707
2886 6944
3436 10506
14689 13843
13106 8947
16726 12161
3521 75
17157 592
8036 7189
11755 7596
14575 8698
16782 13512
17466 1765
3342 5031
9078 17101
298 17511
9113 8240
14514 8423
12296 2035
16423 2272
16682 12101
17258 15975
11293 916
2718 1420
13056 12614
7482 6346
12908 333
5850 11500
1331 1273
12173 11816
3063 11781
10 1644
10599 10658
8882 3000
2212 13716
13140 10121
8726 3989
5214 1950
2113 11243
15600 17337
330 1295
4 14381
2289 16942
3344 10734
10621 11815
17216 4715
12077 15563
11719 16464
4447 4496
3438 16307
1132 12979
1407 2176
2373 14457
12088 10814
14299 14746
1168 9829
11331 6324
14447 5559
3157 16374
4310 12336
15034 13408
1874 15935
6598 460
2129 10313
8755 15557
5987 6743
14440 7699
2529 13720
9191 13192
9910 14852
17161 7113
7023 11977
12702 9589
17795 8281
490 13639
12709 1614
2186 15588
1117 7910
14777 1084
3266 1356
3248 14239
11787 6
7996 4138
9141 1966
17766 16334
1777 2238
2753 4302
5288 6656
5034 13863
13417 7694
6528 1182
5639 9208
7341 2039
15781 7739
12714 16528
9690 9573
387 14153
6566 13546
798 11696
13151 16715
7178 474
2295 1815
17728 11012
8993 8558
13793 5833
7997 15360
8232 10806
12534 16473
13868 11978
5533 2398
7106 8093
15282 4926
9514 9982
17883 7095
14581 14691
16876 11720
1162 16648
4212 11759
2621 8564
2498 10046
4393 8827
14272 8518
13525 16095
10597 13627
17185 4780
13125 11507
16602 12112
4299 11047
3960 9059
15603 4181
17173 8775
10786 17289
2209 6067
2021 4665
1695 11879
17688 16143
3098 12257
4843 12692
1529 8312
1958 13718
9625 12188
4017 9797
17988 3327
1504 15504
2587 3226
5572 14501
547 16462
14944 1847
1210 17506
9421 16790
5028 1799
15383 14154
6596 5681
12890 5757
14062 10900
10029 17593
904 16192
3118 10152
2051 1076
13628 4379
16064 14422
9515 10731
5754 11881
3356 7261
6454 12570
2730 6175
8233 1376
15968 10085
522 2972
6386 4891
157 6074
17218 896
212 2898
1122 8370
14716 1925
17939 17158
5772 7789
16255 9055
15734 11795
2633 1465
1505 15834
1049 9882
13344 2130
17656 3243
6894 8897
17043 966
8751 10557
704 5585
12067 4691
5560 325
2054 4407
13471 10680
3655 16470
10695 5517
14133 17188
13692 13332
16662 13685
17959 4516
15833 2077
17936 14240
4033 15980
5779 12153
2720 1562
8536 17819
4163 12140
6011 14474
8687 17049
10018 564
1240 1016
2208 662
17073 8955
13250 10190
2266 17880
8800 6646
1718 7718
7213 12277
8586 1237
11616 7874
4903 16683
2195 11797
1544 5923
7767 6325
9613 15850
16312 4831
3928 17120
6143 16742
634 12093
14158 8248
10848 14769
17565 16558
17299 16372
7098 10542
1066 14698
7566 3052
11051 15352
11024 4504
4514 146
14470 6606
1441 1951
1056 11511
8409 13647
17460 13733
10186 16294
10878 8617
7536 14866
7121 3889
9683 3809
4785 11359
11276 10216
3488 13453
3982 5341
10291 12488
14306 1268
12447 8293
11410 6371
940 5871
1440 8272
5123 14316
7659 14705
4321 8445
10606 971
5947 2950
4329 12490
10177 6853
10377 8008
3350 2401
7443 4612
15540 1175
7031 14054
12563 44
14443 13554
5500 14763
11416 3357
9 16784
3793 1140
7757 6848
5853 13112
3192 6153
10921 13226
12025 2953
4483 5940
9549 15172
5912 1438
7612 906
919 7300
1167 15829
1834 11401
14681 17262
6769 14311
8562 15023
5954 5078
16385 17699
17462 12867
2361 3504
10590 17082
7131 14137
2637 4873
13544 12154
2862 10041
4647 14996
2041 13772
14116 16227
12964 5050
16231 13113
16778 3529
4085 6951
894 7394
553 17467
17380 6787
17719 13235
11890 11656
12782 3596
13803 7360
14565 15234
13997 14729
9677 10162
2686 11598
3049 11086
16038 307
16915 13215
16376 4053
12249 2493
15068 1426
17611 2880
9356 9551
7899 7365
17276 14279
14977 14249
13029 7320
8848 11771
6366 1604
10668 4561
16067 552
13139 15584
10548 5263
16586 17916
5100 2967
15657 657
7427 17644
1974 11227
5054 8798
10205 6427
13174 6759
13079 3739
7616 13390
6070 16828
10448 17344
2873 2096
11066 3783
12419 2451
7275 13780
2294 6517
5804 15351
17271 13472
1047 10709
14795 13537
17108 5993
9077 7663
4645 13745
5400 3981
4871 1265
9088 2943
2883 8952
3287 13695
3187 12806
4089 17591
10951 17985
426 6742
9328 3170
6812 3967
14331 15845
13861 4355
3399 5989
870 2739
15309 4689
6905 8301
5181 8892
3523 5105
1703 13121
9465 7552
17686 5897
8110 10664
2507 16967
17468 10050
14261 9745
5462 7756
8701 13485
6542 9205
11961 7126
8283 9688
13026 3099
8768 12935
5057 8780
5002 4176
14409 16929
13476 11688
15746 4549
542 5643
10868 17657
8978 1522
10125 10369
12903 3293
6518 3112
5030 9822
13588 13402
13832 8172
13479 16270
3138 9533
10715 7637
4716 15707
17009 3841
2760 7821
17932 4539
7216 11370
9201 1413
4320 6493
16756 534
17434 11744
13838 3283
847 3624
15345 5932
3940 16811
1902 17658
14186 16731
15956 277
14095 15663
6093 4225
1939 5274
9777 13914
12293 9494
8860 2750
12004 2597
8789 3338
5680 3643
9954 16995
13222 18
15541 15455
16023 10015
15596 2485
16692 6665
4556 10694
5442 499
13034 11921
6466 3598
11218 9574
13962 7650
9241 7105
5571 14874
5734 12487
1780 17729
13246 12288
4295 17745
3751 6167
5324 4322
8652 2704
4894 856
11774 4905
13005 9429
3519 5668
10882 11541
10755 10657
12642 2822
16268 11435
8842 9686
14952 5866
13019 15669
1021 7062
14924 12704
7290 16024
375 12731
6754 10943
3254 5475
11865 9841
1315 16097
3313 816
972 10359
4118 8807
3944 927
14429 16607
10066 5934
15485 13515
12333 4876
5038 4455
7078 16613
15056 3859
15774 12345
10051 15245
12856 15633
9607 3832
3957 4428
3043 184
16219 17263
9932 11794
4206 4800
2005 3051
8286 15628
17217 11899
2818 2709
7185 15871
8930 15273
13564 10187
10367 17395
11780 1686
6868 7378
14398 11596
13399 15900
17903 16325
2475 14724
2211 10897
16409 17900
1781 16359
6713 9571
9838 4814
6873 6639
4226 969
6286 11123
16380 2002
8474 2059
5552 2661
11223 6735
9053 10392
8637 13503
15701 10743
852 11569
11490 10099
8464 3896
770 4661
3846 8239
8056 16745
6299 266
6236 404
9718 8990
9210 5698
11848 16637
1108 13723
2949 1605
3212 17771
14973 10485
3035 7519
5670 9823
6083 4072
6063 16623
13584 9680
2929 5246
11999 4332
16417 4608
10567 9126
4507 9560
2371 16709
2179 4121
17972 10708
9995 11393
6388 7781
1232 1911
7269 359
15007 8801
7575 7931
8365 2962
11399 14017
16052 11388
5360 15531
11324 2120
12180 14772
781 12133
6839 12948
12248 5909
14342 13638
10370 3230
9945 6655
11239 14183
3097 11392
1267 1909
2819 5115
15921 17203
4867 1380
3025 15988
15964 10283
1585 15048
12504 17842
9708 14150
12305 1332
7715 14981
4753 12925
12995 17720
16829 11581
1338 633
12394 11208
10043 6844
5049 11894
656 16897
16117 10973
1045 9926
174 5950
8731 2043
15970 8641
4031 6854
6549 2383
7792 4560
16615 7614
6856 13257
12069 841
9355 5580
2537 2486
1917 2841
13053 6456
13024 7816
13653 8016
7490 7267
6650 9879
8236 5941
4982 6847
7667 734
14131 13750
1821 3421
3576 8920
16048 6082
2036 6724
13425 14550
14851 428
13274 4189
8979 2046
10248 12110
13981 3958
8402 680
12613 12583
2765 695
12436 3852
11459 6913
14886 1277
3814 4998
8937 9671
4639 11189
14785 6765
1163 4399
17625 14076
16588 15003
532 6660
13154 1110
17538 17642
3331 10346
11321 17117
15329 16239
11266 1998
3600 11830
5345 1087
13597 887
7740 3079
5788 12094
777 10095
4071 6186
1371 5264
13395 10155
8028 16251
17377 7139
14172 1228
16751 5210
14451 11597
10965 12468
9316 1760
17971 15241
2800 14740
4684 6305
8205 3527
2659 2031
500 2670
3660 4593
12719 5607
6006 10109
15385 4853
7026 16037
10669 10528
7154 920
5945 10493
6615 13070
6045 2966
11649 4387
15892 17198
8148 893
17007 8974
9340 6594
1458 12951
10252 16622
8230 8333
16456 13985
14444 11751
11806 14196
12386 8090
4291 7586
3681 2250
9119 11551
13730 13083
1516 8825
4832 13086
5162 7599
13109 7233
1583 9010
6647 9748
17149 17230
9375 17137
3030 5848
15819 10336
14784 2063
11041 12712
14910 7607
17001 11613
16243 4836
4395 7481
6556 3419
17312 17243
5202 3949
12640 9915
11945 7793
5814 7251
6720 11618
17584 3245
8384 4369
16366 17861
16786 6230
7712 7576
14449 5084
14762 15083
8159 3102
10062 2354
2854 11124
3474 14127
7898 4179
1157 4824
1038 13484
5029 2631
9657 7656
1104 1093
8401 17612
1103 12169
6555 3107
13748 11087
6929 8700
14988 4900
14475 8291
8826 3562
6238 6092
2320 5108
8695 6783
11843 2861
8528 12971
14523 16123
10933 14448
16789 17319
11602 8998
1378 14823
11718 576
13507 5986
14436 3026
15637 6225
7555 9952
4906 12489
1138 5767
14897 1477
7293 13722
14759 4087
13435 10288
12922 3237
4671 11018
11527 3697
370 13411
2600 16090
17941 4448
1537 8372
4841 7071
10247 9682
7526 12974
2449 5773
4921 69
9564 15300
7685 1395
8219 3361
9993 836
17681 6946
6065 2276
17550 5301
282 10452
10781 11192
1786 4244
13761 10423
12321 11462
7228 16909
10126 9140
11409 74
11798 12993
16903 9990
1068 3824
1768 8855
3786 10065
7982 1136
14520 9870
15128 12558
10941 11849
4548 17535
4151 2091
14275 2239
8982 1666
7573 14046
3962 11140
15346 7574
5283 5514
8728 13278
1839 10427
8904 2459
6885 5351
5193 16170
17757 1648
15320 3305
4375 923
14080 2508
16537 10299
15847 3139
12536 17272
13711 14871
3518 11661
17292 3663
4018 4120
5653 4535
9801 3688
16229 16917
3209 3184
16595 15739
3855 12297
15302 14891
9101 10064
10625 13103
8144 5203
9781 11987
3194 11693
5103 13813
15205 1861
3951 9098
6401 16401
14793 13316
9309 5929
5384 4817
17023 1748
15957 9156
7971 13293
9234 6678
16466 9459
17689 128
15929 13448
6132 13984
10172 17784
17779 13774
6513 8879
1302 6849
9927 3853
16247 5910
13855 1482
5130 14435
15962 12568
1553 14419
13887 5090
6159 7812
5349 4551
1320 16036
4797 14885
2934 5568
16086 3827
17924 13164
1271 6964
1575 5419
16263 200
7842 14544
7165 9417
8626 17297
7468 7721
9876 6462
632 2715
1654 13087
5373 4370
12302 13134
5126 15965
7432 11874
831 13992
8085 10487
11377 2281
1372 8303
3069 8931
14352 4364
5626 2234
16132 7081
3405 6364
4908 13944
717 14529
1845 8424
13782 16408
4007 5525
13396 14979
13091 16761
6539 8274
7049 1930
5215 853
2253 10340
3909 16880
3974 17180
11928 4096
17013 5023
1312 112
8113 1377
17365 182
12906 5759
5713 15696
11083 6202
8704 13389
4136 12464
9264 2689
3337 11657
17168 13979
4079 17260
7249 9256
4787 339
1364 15480
16627 15142
12267 9034
15217 11079
5964 5904
11949 12733
10849 16736
7780 9359
2999 10304
11304 14969
16981 15377
10702 16635
2292 13009
4703 10777
11428 16690
13136 13339
822 5775
14092 6916
4735 5872
5350 4615
9653 6296
5190 7430
6406 12981
6056 9118
13644 32
3569 8966
9473 10260
13945 8973
8551 6498
10728 11176
4124 15484
17905 1820
15720 13918
13817 8708
8023 14179
2205 5064
7764 6271
14496 8942
4313 17479
6439 7489
11303 1033
15250 9517
1944 6906
5487 840
4724 15801
5931 15993
3161 313
13763 1509
5355 12080
3413 10137
14055 9721
15961 15658
17769 17052
6602 17973
13977 14379
6551 12315
14720 8201
14190 15394
2315 15592
13538 12201
5456 15950
9166 7061
4146 14880
14541 608
12799 9851
9058 12393
15008 14162
10984 2786
14509 11071
6977 11691
4988 8149
4675 12339
5917 11749
7797 15029
6794 14497
1734 16649
6199 8975
14517 4131
11561 9460
4353 4123
9097 6105
10140 8543
8324 13311
1829 17783
16898 17318
11283 5395
15112 7458
7246 15120
4490 17011
5715 7930
3284 429
5860 7728
3244 12284
8507 8483
921 2032
9004 6469
8480 12228
17562 5679
11235 11992
17721 1073
17626 14295
7968 8546
10204 6658
17355 9492
12602 5399
15668 14365
8894 12753
536 10649
513 11091
17989 5207
2342 5445
17740 8805
346 2488
17031 752
11917 6380
6178 1208
396 1688
15365 12891
7737 1450
6273 10308
7636 721
15073 15094
10912 10192
14312 3422
1153 5955
3249 2616
5094 15438
9386 5928
11480 7151
9888 16619
1774 14241
12831 2309
5143 6139
7933 1915
4986 12711
17254 4823
8034 10021
1455 3312
12729 10910
15567 16161
7184 6702
7884 17704
10967 6574
17028 6470
15861 17868
4273 12966
4741 9199
13702 8713
16163 15704
1017 14089
9672 3673
5281 14610
14218 12693
7350 7440
7 1403
15182 6561
115 10335
17602 8643
3991 2269
12599 4778
12597 2415
1054 4278
1327 7072
1904 16983
2843 16245
3652 17397
12376 14706
10909 13749
5141 5905
7738 489
100 8361
15512 15687
15038 3552
12593 5819
3796 12380
272 7453
4517 10836
6034 16092
12409 17212
1733 13530
10496 4145
8636 12618
12271 8234
15991 3943
2667 10086
12603 13050
876 765
11587 8871
9694 8277
1002 8221
8524 14546
9511 8199
12421 8168
12048 12275
12428 16364
1521 7087
12701 1675
15018 419
11112 2117
14479 643
15289 17915
5600 10352
10870 63
14180 5707
5633 13055
9073 10264
10889 1972
993 13683
2523 15279
13253 7285
7990 7129
3354 1767
11680 12963
8026 1014
11198 2933
14011 11633
3441 4489
4531 11730
2452 9381
1690 6693
17444 1146
9419 8674
13521 10512
2568 14804
7225 11702
3925 10221
213 7695
8685 163
11343 11772
9154 12253
2532 2325
11792 2859
13591 3445
3711 17425
2479 1982
9656 4195
11390 290
813 3045
14667 10219
3104 2287
5476 14766
11548 14049
12402 3021
8599 16262
4376 11467
5390 2445
5011 6152
5547 13349
17683 14858
3843 9324
1484 4067
5277 12770
1288 5805
11965 14082
10151 10505
6160 1717
17072 8288
4669 6833
14304 3261
10990 7492
6751 8658
4367 9240
10526 1526
3122 17802
1672 9311
8669 6739
16065 7719
11299 15358
10076 16145
2068 4469
6716 15737
10582 3432
6858 16404
10793 10103
2877 6112
3466 13906
14021 8436
14007 12680
10171 6519
10872 10962
6613 1741
3175 17123
9735 1341
15015 13533
8229 13704
204 15878
9315 8048
3922 11514
621 3281
16265 10998
3619 3879
16744 9428
12607 15615
13700 13284
15916 5022
13558 4272
7326 11969
14878 4790
6631 190
11637 5403
11640 14837
13280 14045
15698 12786
11378 4220
9142 432
4068 6303
15893 2196
8715 16895
9998 6431
5409 4910
8909 10893
10609 3198
17923 4435
5608 3072
15985 15525
7590 2156
15494 2922
17990 9710
15306 12499
10083 10564
571 5117
9286 9905
14528 10025
16620 3055
7733 12646
14606 5780
5044 15510
6824 14483
9180 6087
16155 10873
2201 701
1451 13924
10033 10956
10566 13119
15296 9702
14355 5703
944 5248
792 6266
7799 5974
1953 349
14102 3861
11703 11154
15089 15907
3904 12884
6350 14822
4709 5999
15828 2336
14850 3005
10331 16029
4431 15619
15614 13088
960 7302
7963 3119
11067 13478
16900 7273
1671 1001
2009 11060
1778 892
9013 4670
2624 4975
11430 7433
2089 11032
16282 12798
11334 909
10017 9875
7231 4048
7169 16300
15168 16165
8783 16925
9189 1361
4674 109
5648 9707
5516 12857
17640 12120
13699 15996
4467 6206
14617 3633
13502 14071
8928 11121
679 14044
6791 5893
7594 9175
17205 11436
16581 10681
7852 766
8839 4361
3044 583
17587 10555
10400 9966
13454 6095
6972 8520
3311 14178
7264 1348
5088 6788
12226 9270
15638 15613
1880 17464
242 1007
10443 12715
13969 16804
11579 10674
6593 12725
12846 14533
14382 10333
9856 17414
9463 1069
14919 12175
11078 14338
12100 16297
16030 5157
6865 14215
14538 4293
1145 9259
15079 1886
14791 15771
4374 13105
17219 4126
14764 981
15417 6950
5069 10483
4287 15171
2044 12977
2607 5824
4312 17809
4296 8007
14734 880
4568 5128
1333 9296
13939 3742
16147 9091
11724 9946
15931 16204
12172 566
11627 11139
17844 523
12263 12621
7901 13526
17580 3791
6635 4792
13767 10494
10500 7589
2384 8577
11543 17886
8383 7787
7459 5255
1515 13059
17236 199
15533 6228
7145 1887
2273 16474
9100 11023
14438 7014
9173 1352
10639 263
4662 7900
14314 6866
9261 10231
13445 4573
4837 9751
2023 9046
7832 11398
2080 5483
4723 8881
6316 5578
5864 5959
3628 17036
4208 13845
12932 5389
1079 4025
131 3564
6098 3808
1716 4414
353 8625
11650 6216
15408 788
12644 14980
6907 13072
8317 3039
1367 12483
11577 9081
845 3507
11825 13865
11114 11050
8115 6360
10987 5722
2366 10134
9020 17736
10480 7992
1200 2514
379 17402
17057 15162
17075 13812
16654 9956
13372 7387
7424 12832
3800 4497
7769 15598
7549 7539
13967 4074
12749 8156
10491 7813
14105 4475
1869 12075
10266 17124
9115 1382
17646 15818
17566 12454
10132 13259
11163 16
7811 9023
12287 5435
7498 7563
9178 12441
2767 16987
7640 4049
2994 10841
6013 1750
8958 16277
12985 11757
8631 12860
342 12182
12996 7585
2135 15678
3011 6088
13401 8981
11998 10020
639 3886
17474 7944
13380 11955
170 9401
11939 7426
299 3513
15307 6220
324 11425
10241 805
16428 4629
13397 15836
10840 13910
6597 7340
10981 6232
12232 14864
13377 17755
15156 1618
7357 15401
3084 13999
2732 3189
862 12335
2399 14260
2132 12742
4076 14277
12723 9076
17501 5247
16432 8738
15191 1631
2528 13789
17427 1616
16215 7912
17443 10638
7919 6928
224 6084
17025 2931
13726 7089
2483 3578
5363 11172
8614 8694
4586 4216
2246 11342
11364 11048
17882 5008
1679 2705
14293 412
14808 8868
8195 9830
9880 5189
118 11161
2251 6340
8816 5692
4826 24
16738 15035
991 4889
7673 16035
9145 4574
1850 5611
17274 15597
3778 7349
1651 10946
8449 13366
1693 3547
6942 12466
7621 4256
7455 4590
17148 7998
11093 9303
9919 15740
8276 2766
1928 11488
9756 3531
2548 2635
16959 16337
8862 6892
5165 2855
9663 5519
4995 2233
10286 3304
6590 12145
283 15574
14627 9453
3323 1991
10098 10240
12651 17780
13724 6939
6392 7019
7504 177
3325 12605
17234 7538
10660 1095
578 10710
8355 1469
17139 1501
13432 637
3738 17327
15010 3424
3956 559
10538 869
4245 3883
5358 15219
6568 7562
7928 2944
6402 13551
6180 11113
1396 9093
12938 453
4129 126
10824 3917
5199 14955
17227 8671
1934 3180
1881 7215
10646 4663
8594 10418
6486 15293
10884 6733
6599 15285
16670 8415
13324 5755
13790 11347
14134 17143
17835 15552
5553 7281
15675 12819
11415 4239
14687 9437
17241 1715
13752 5596
7618 14063
12138 3942
4626 3343
5082 15446
17221 10401
2104 12220
16296 7841
8680 1222
4658 10823
235 4519
139 17585
2248 11679
7043 6876
16236 5948
16538 3637
12455 617
293 824
8006 14047
7107 17509
2878 16348
4386 650
15277 2655
15449 7018
7496 16483
12008 5538
4219 10462
13663 5659
7518 15527
16514 10459
6090 15777
16800 17335
11152 14339
7681 8681
12827 14827
321 6728
6923 6611
7535 15779
3078 4391
9699 17371
3459 14699
5428 6020
6309 9648
7724 303
13090 4970
3820 769
10114 9774
7845 7460
2389 11344
17177 7150
14549 1852
6802 14507
4055 175
13133 10431
3642 15825
2963 4183
7437 13427
12081 6895
9609 3193
9287 15894
5847 8351
8647 310
13239 645
10200 7970
13229 15677
12234 9904
11919 14201
4381 2673
9071 554
8925 6156
9640 6852
3048 17662
9364 4893
10197 9974
5738 9706
11481 9011
16945 11835
14935 2421
1771 15806
3398 1051
12085 17758
16424 15605
2547 6264
3593 5300
9765 5453
1655 4540
17062 10465
232 11313
4761 16390
1667 2731
493 15565
9790 3130
6336 15229
2795 17471
3160 10495
15624 17805
1 3067
16624 17892
4919 13493
17286 15238
14621 9031
7848 12851
658 17674
1205 10716
14354 5575
9217 1855
4948 6289
1368 3590
4693 10259
17183 12669
13527 5741
9155 4383
5877 15298
10508 3703
5122 1134
91 10798
5385 10365
8837 10640
15568 10744
10811 16234
660 14074
11903 11391
16719 7160
1452 10461
11373 15641
16471 3875
9670 13314
6529 15534
4546 10218
14670 13367
8773 1143
7896 1681
13931 10179
11447 8613
11715 6554
17341 9244
14106 9435
4125 230
10871 12343
4045 8876
6375 16169
5240 7192
16935 17420
9631 9502
8949 15783
6686 4963
10258 4600
6836 2007
12765 8379
6688 12997
1691 11735
14431 12317
13514 3959
11950 6130
6860 16594
17288 2070
2665 1405
15183 14149
7086 5260
17557 13629
2636 16773
11469 14235
2423 2745
12354 14380
260 8479
3060 2310
2865 16506
6252 10659
11429 11315
17811 11442
8884 4185
9536 14281
14951 12087
614 4336
4977 16543
6115 2550
13219 17256
3483 5147
6075 5641
16108 6961
16841 2787
8603 14079
6991 13770
11994 787
1558 7532
1807 14430
17092 2107
1857 17577
3109 14991
6710 14603
93 13455
17050 11535
7391 9784
3907 13707
6315 13535
2085 12107
3075 3833
9996 17873
8707 14836
8856 3798
2592 13043
12095 10953
11582 7683
1599 4771
5883 17877
4838 13058
13643 11552
13218 12811
8059 996
6395 3329
17824 15103
3392 16094
10819 6107
6633 15997
8237 5962
393 10867
13084 5937
6489 16519
8555 7501
7024 10450
13587 15290
14714 16862
6903 10915
17435 5710
16002 15006
9390 4440
3743 10158
6103 7727
14652 14298
12809 10165
12178 9646
5293 16015
8568 14421
3451 6361
9587 7168
9971 17432
8131 6775
5508 7111
9771 11604
2779 15439
8836 11421
13937 8877
16321 16541
8029 12390
7955 9469
16610 17436
8475 10876
14254 9988
5666 16082
2221 13916
7004 1161
17831 5590
13064 2611
10524 2812
7242 4345
8067 8887
7487 14320
4224 9022
8499 7321
433 11368
1099 7893
8907 13907
6193 1335
14414 7949
3447 11648
5601 1246
15102 11714
11484 4258
17422 14329
13144 8667
1860 11042
1809 10904
11887 6363
7332 1833
16266 7871
12645 5774
14061 14582
763 12835
9107 16818
7469 5169
2685 5526
17847 17342
4974 13559
7021 15562
13341 6181
10284 5574
9941 7152
13636 6889
6046 14412
9526 15026
9583 15318
16066 12312
2414 6701
13640 5200
15579 12656
5863 9997
2162 4881
1660 15640
3767 6985
3782 8580
11432 14620
16722 12150
10342 13413
12945 5799
17446 3840
11660 11756
5743 8019
5688 67
5968 1128
11118 10807
10136 13549
6023 12019
15995 338
1230 3854
40 9067
17889 9325
521 4840
16443 1046
3881 448
1803 11643
9565 13198
11670 13468
14160 7611
17632 3509
11076 1634
11698 8772
785 14032
10745 6749
9902 16109
2738 4932
5201 14253
10960 2324
4815 7909
12515 1632
8015 5015
9289 818
12334 8118
11646 5357
269 7940
17857 17343
1745 13491
10835 8398
10328 1574
15317 13850
12020 10000
7679 17944
6144 540
11872 13577
10073 6055
12191 9928
15820 10049
13897 4359
16842 17902
3489 3247
2145 2829
8612 3818
3936 5382
17016 9615
13466 12858
13266 7421
10712 15257
7964 10540
14703 6365
5862 155
12859 4576
13326 10181
11933 8103
14226 6251
4107 12103
4676 14906
7317 3763
8079 12457
11913 8741
5706 12879
16949 3168
13923 15804
3315 13018
2588 10594
9403 138
9250 11245
5622 16529
7266 2435
6982 2067
4632 9972
13114 9329
783 10875
3899 14057
4625 14666
3094 15060
3214 15810
16939 8544
9482 6577
4275 3950
2171 2305
10863 9158
9168 10511
16938 8542
4058 3994
5802 5118
6182 13664
2978 5627
12566 5663
2948 1456
15416 8650
12063 12569
6567 9040
431 6932
8094 10470
16507 7065
9944 4912
13048 9986
11357 15135
16114 3468
8164 6149
6256 17154
6412 16437
14216 14972
14831 3528
4944 14898
4526 10896
3674 838
3508 6101
3263 16098
5996 6463
2776 17103
7629 10466
6547 1743
12006 9977
14157 9540
12561 7553
10196 14282
5528 3910
16926 5149
6413 13318
15620 3328
5716 12171
4765 6818
2232 17033
7412 11701
12792 15604
4231 1195
9488 2095
13182 1612
3250 12933
11547 14849
13688 4999
17453 2882
17697 4637
16687 16646
2249 16640
10316 17953
4094 12502
12870 11989
10714 14328
8425 6436
4161 9978
646 9867
6509 15254
5228 14469
1322 5678
5306 4198
25 4722
5208 1889
6191 11788
13383 14595
4268 15848
11260 2915
9224 3475
2784 9371
12244 14682
14143 9503
7606 8249
6450 300
11922 11845
17570 13738
3406 8140
11942 14723
6368 15843
1922 9588
4598 6830
17554 1697
6576 9445
17368 1746
5829 73
15728 3893
2719 15164
6276 5768
15145 8300
7117 3874
8447 1981
9649 14489
8313 3285
9598 7379
11905 4476
7957 7691
3188 16261
3561 16331
11353 5758
5524 10675
7203 707
7212 15944
10472 6805
10042 7398
15325 17852
1814 1430
11122 537
15053 4589
10676 17492
3241 6715
13524 10633
14813 7374
9691 8382
3465 6548
7428 2453
5253 6265
15453 16596
5795 10577
3926 16550
945 6250
3571 12403
17047 2628
6968 8252
430 7408
3464 10926
659 3511
3028 9520
2925 4143
2735 15992
5052 119
7099 2583
7701 3321
10600 16244
15547 12783
16584 3222
10829 11765
11026 15826
8339 7772
13129 9321
10536 7205
4080 11452
1229 8629
16992 12902
16191 10573
4449 12960
11740 9661
7480 8135
5204 4805
10546 16039
9636 14198
1757 9579
9775 12828
16200 380
17331 4798
17998 17419
3676 17125
6725 12281
1466 125
162 7182
17650 7441
15198 3772
10353 977
14522 1024
13131 2983
3385 9062
17603 203
14018 3478
827 2509
4566 4690
2207 13330
10254 12976
10464 9339
846 7445
7758 15134
14551 1620
15954 11834
14904 17801
3491 10711
2613 6198
14224 13901
973 6685
5828 9896
5298 10040
6114 9857
5447 1856
4668 1842
6869 1060
15765 11862
11117 3365
13612 1900
4158 11491
15535 11418
1144 335
8435 11468
8688 8696
17614 15179
13418 11184
7438 16511
7850 2075
5327 743
3970 9139
9382 14676
2778 10693
13798 11567
10309 1020
638 4644
6091 3412
4859 9251
6933 12686
10899 6585
14767 13221
10326 1171
11820 7857
1595 8645
3031 10572
9080 17145
7508 271
3201 7843
8088 9036
959 11954
11630 708
10614 6514
11072 14099
11356 11272
3920 15486
12887 15211
17977 1546
2803 7800
2499 13691
9787 9249
9979 13337
12650 12519
15247 6826
12591 17454
9719 4281
2671 15152
13014 13176
12050 3027
8376 17500
15005 778
15339 11754
13422 11934
1444 2836
17887 9308
7551 7814
5066 14940
10758 5765
12697 1492
237 2140
257 10942
16218 2484
10514 9193
17240 7875
8653 14658
9483 12135
1709 11352
6755 4993
6645 14491
7110 10194
13400 7763
7142 16274
11002 9681
17578 7250
12527 5586
6523 15714
16310 8326
15679 13474
12392 7336
4083 16673
8722 7306
8265 9847
15391 10006
1242 11297
14516 7170
1269 11414
7402 17947
7224 1120
5817 10282
17326 3975
13141 13792
1260 97
4001 12573
1967 2436
1259 5731
2400 6164
1937 15376
16887 13768
11010 11000
15451 11897
12181 15589
5831 4065
10379 9297
16600 123
3683 2530
2380 11498
2438 8940
8120 1899
3062 11165
3779 10148
6621 4955
7542 2538
16539 5167
11339 15917
3455 10290
6827 17518
8318 6696
5479 3753
9593 11904
10833 16085
17522 15125
934 12123
12554 10267
14829 9376
360 12384
11175 11258
15249 3831
6237 11362
3059 3165
2446 17224
12604 1009
5949 13958
14512 11069
12023 13856
6979 7761
14553 3381
1225 11104
2148 5366
3901 5901
6174 2666
12834 12326
406 10559
6497 2353
10994 15059
12212 5053
10845 14377
8311 7980
16752 13249
9582 17940
9605 2275
14820 14053
1326 7207
14118 14943
15873 6239
16222 4846
7419 6586
12721 13680
6619 11116
14255 15855
9791 7628
6442 3810
5980 12657
13810 12931
11804 1955
6770 10206
8699 10208
12016 2769
4358 11361
16426 10149
6038 16982
10454 8657
1214 3324
5926 13416
13305 10923
10851 14394
7603 13669
7174 11705
4316 12137
16264 11861
11712 2895
14437 12653
4754 3379
8668 154
5492 15846
3186 8035
4734 2372
3264 5700
4460 5943
13069 13947
6516 5401
13930 13952
9852 9436
14783 14859
13766 5602
563 10441
15397 17700
7567 2326
11858 4701
11563 16005
2848 13155
3555 5619
2660 3151
13829 15187
15815 11151
14364 5000
12639 6573
13814 4812
8891 356
9490 10238
13373 6603
10931 2055
16479 15672
9065 14280
10278 8209
8331 492
6731 8022
7774 12999
1139 12708
913 11036
5424 14031
9496 9161
439 14775
8109 4191
8830 495
10643 16431
14819 9750
4585 17806
13613 14721
15744 1459
2338 4664
6534 15288
11044 13582
17739 3415
4433 1498
12372 581
15880 389
10183 12055
1989 7897
12364 9853
3239 4254
17017 16799
13621 14598
8570 16667
11062 4937
15418 5674
4471 6064
10374 5056
15554 2011
10384 11509
12474 17281
7158 15174
4040 2418
12784 12136
6744 15750
5178 14302
16379 14244
2801 11054
7882 17725
5431 3073
5887 10039
2395 1067
15354 16574
9247 15586
11799 4595
11636 13245
7418 933
12511 16531
5116 529
12789 17512
7006 10907
10321 16871
16146 16791
12766 6122
498 2154
3080 15343
17808 11926
1155 3339
807 10530
4587 14390
2923 7299
1062 17505
4488 13354
14059 1330
6113 11896
15445 7400
16306 3816
5443 8175
11823 13258
6451 17968
2777 11302
6971 5521
10961 6129
14511 1853
4303 2322
13379 13020
7291 11631
3722 858
12031 4382
999 6664
10002 7163
6086 1280
5581 16148
3449 16149
3066 15347
15491 17461
8395 6347
12780 11098
7826 3546
8366 8224
16996 2811
1409 8771
3185 6564
6369 9622
16577 16237
11932 10277
9365 2257
1490 268
16629 15012
6679 4098
16767 7790
2826 3275
5869 671
14710 15208
5164 13689
12360 2676
13757 15444
1089 17702
1299 10214
13450 1479
13172 6943
6766 14684
13089 10056
7240 4177
718 13747
6104 2241
12898 15726
1294 15768
357 9561
899 4439
9266 10220
7924 5
8362 14513
9806 12233
7509 3863
13169 8375
1172 17814
15085 7623
14203 16830
10360 5224
7991 11384
343 6242
2500 10274
9909 3269
10414 7702
6859 13085
2567 17673
11914 14802
16454 16230
9260 5085
11406 1901
16497 4863
6078 7838
618 11867
12769 1646
12540 14315
17438 5163
15452 16946
8114 1550
12638 10902
7993 3213
4928 14942
5245 10561
5148 8831
1779 17483
13519 6952
11043 13791
411 16419
9454 2793
2586 10980
4683 12812
2152 17694
5361 6027
15436 9477
14968 9361
12748 13270
4338 6141
10463 2846
15319 16923
5655 6937
17937 7502
7499 3280
5470 11408
6607 15011
5133 17332
1908 17913
1507 8758
16953 13223
11340 3481
17295 4242
6901 10861
14442 15792
5982 1402
8560 11868
5061 3219
16007 3965
13212 992
13290 9555
5239 5111
6668 11465
17926 6553
8129 5763
11557 16476
9594 11585
15042 1298
15467 6712
16017 187
7870 8160
4499 5144
3401 12162
1432 17760
5903 5127
14913 17660
12429 1272
17386 10052
2074 3873
1318 5256
12118 9451
5154 2448
12886 556
4763 14081
13615 14526
5404 2394
15039 16674
15805 4914
7869 7337
15951 3019
15207 16357
8203 14404
13391 15332
16440 2012
6762 17381
5573 14005
16413 705
2858 10818
6010 17825
3675 6807
4274 8898
10938 5708
15785 1236
10447 1547
1278 3885
11412 514
1754 14303
207 4354
8764 1707
2536 17986
8624 8703
10069 16327
6047 9704
4461 10081
6116 17765
12912 172
6145 10576
7698 6649
8481 5415
11038 3524
13281 6037
1317 12076
4957 13460
6263 6654
14663 5938
306 3849
2540 13363
17244 9446
6200 11632
5455 10730
4011 16290
11742 374
11106 8096
17597 4965
16150 13668
13941 14876
15840 5083
932 12667
7253 16611
3914 5119
2167 16727
1545 2747
3215 13158
17970 14761
12036 7446
11473 2073
13355 14155
12509 17487
6641 3373
2957 7709
7479 1357
2225 8032
12425 12184
6140 10024
11901 15902
16360 11745
7985 9258
12041 13049
8986 12387
8264 9360
14786 12417
15194 4292
12005 15206
10541 294
14857 8795
9773 8757
8432 12111
11619 10209
2871 15896
9330 5062
11437 17862
229 14360
14821 9369
15690 3771
3246 11592
11201 8774
9269 10838
2727 6184
8634 16516
17358 15045
11115 4558
7007 9374
14182 12149
15221 4002
10877 2757
8184 6677
3408 14953
7465 12824
6919 5041
4751 12467
3986 11015
3056 13122
6690 8824
14626 17430
3071 17921
17478 1400
3068 2615
13506 1615
16016 9776
16508 15505
13572 4100
10718 8070
14751 593
6362 8038
4614 215
9578 11923
2463 3871
14 3393
153 1019
12350 3597
8533 12805
11228 10628
12251 1586
3430 15370
111 5209
17275 16774
14571 15824
1970 15895
2278 71
7862 13536
42 3945
16575 10385
1854 6579
4887 4819
1952 17659
5303 13352
10602 7642
7384 165
13866 1924
3183 6924
8296 9527
17709 1551
3033 16997
5379 14534
7615 17039
817 12928
6501 577
13118 3923
7977 16834
3682 15175
1179 3698
13513 2919
3761 2143
17794 4153
7415 2056
16425 16293
13935 12648
4064 13313
17352 1836
8628 4341
10011 771
14416 4233
15186 15148
12880 9137
5512 2125
3363 17392
11167 516
3236 10727
14214 3485
8251 10141
12557 16346
280 520
9728 14219
15078 5287
3372 2083
11224 4263
14807 573
4960 14797
108 17672
7932 16852
11671 10588
4954 2872
14966 17575
6540 10139
1769 1527
8450 11160
4062 11664
11717 1436
12600 4569
1252 5267
1462 4451
11609 11985
11470 7831
6331 10118
5623 3540
4941 5219
13308 10124
10338 6705
17493 16905
17410 10027
4528 5160
8063 17763
16846 16515
6387 168
14653 11101
5009 8953
17855 12203
7779 12252
7385 14271
11147 14661
8976 14199
1018 15066
16555 715
13240 7392
3851 11805
9414 535
3452 1410
17147 12775
9761 13786
12967 8302
10857 15729
888 8689
8638 7666
8225 14072
2185 13578
13713 5935
17978 5269
4783 2920
17983 13948
72 2902
2619 8368
5292 8664
11570 15155
12397 17865
7255 1065
8011 12767
7808 12598
8298 2306
8611 1470
2406 7506
4994 754
5970 90
8122 4331
12214 6352
11270 6926
15333 14624
13264 6940
560 5709
16292 452
5093 9218
3535 6154
13234 8607
15292 17680
2258 15901
16202 6177
16979 14834
12752 81
4857 17309
17301 10571
14708 11053
11584 6953
5529 12980
11255 6338
4782 2939
17336 6150
17233 14283
509 678
17571 15859
9439 3543
4014 7516
2691 3353
9504 96
12310 8076
80 3799
13204 4523
16972 12242
17273 47
8220 7369
15466 8684
4036 8363
12225 11521
5412 16421
10864 5992
11105 2591
15908 8534
10250 11891
4259 14949
11242 12121
12314 6039
8777 14358
10153 10058
2940 16072
11517 13946
5898 11866
5536 289
12553 15441
2356 758
12496 16911
17339 14903
14222 1063
12303 13042
740 2160
17106 2651
13206 11641
14034 5421
11040 5014
10376 11309
9120 13161
918 11572
16081 16860
594 2018
11448 16361
9207 3525
13457 3384
10539 6789
110 8819
16931 1202
9318 1913
17960 17195
2844 1961
17798 10433
4016 10837
12524 17548
10932 6400
4351 16978
5908 3505
3090 17376
4828 13625
14672 12099
16201 1165
15057 15331
15386 13870
4901 13199
12961 17845
7262 11402
17372 9285
17946 15158
2641 4418
5576 13410
3878 7678
4681 4284
2694 12373
6511 7027
4228 2852
6674 11882
15080 9165
14905 6605
6207 13321
3448 2998
17199 4801
13073 10662
3460 102
16901 3163
16855 4167
4710 2444
13207 4736
12159 6994
17859 12839
6487 15526
15237 10939
10688 7945
13187 2086
9338 11466
5886 11483
7903 16209
2430 11743
12497 5838
4104 15091
10666 14613
17901 6292
4405 12788
3609 10213
4609 7493
3476 15856
736 13414
11983 5724
11876 936
14604 1721
7725 11209
4627 17668
15797 10503
13062 6930
11103 11253
10232 1433
2184 16734
14630 8452
4464 247
6134 10974
2098 17046
16753 17551
5506 5191
11257 2019
9352 3701
7097 5769
13820 9409
17536 1204
15967 1125
9342 1303
13934 17731
7256 4218
12965 2108
1555 3526
6179 11912
12353 2252
15949 1500
3395 2668
9237 13676
16226 10726
14556 14774
4562 7507
14510 135
2220 3431
15787 16303
15387 4990
5566 16920
227 5048
7766 9644
4922 4856
14757 17150
13300 16932
6028 1116
599 10063
6032 1393
1783 17110
16418 14467
7920 2901
4579 6241
4432 16665
12363 16060
16427 14212
7652 14348
3757 14141
14743 14132
7197 13364
11396 14124
291 16315
3842 11225
15454 10812
17665 11832
17524 10862
2183 15918
5110 9351
6275 9577
16721 3003
9509 10030
10629 8037
5880 13534
6282 14486
15719 16659
14008 9755
1313 11454
15226 13739
13873 14396
5099 5879
4495 8917
16732 6062
16952 11801
11624 4115
2349 8137
164 648
2884 217
12691 9177
10828 7329
6703 8633
8142 6066
17564 6893
17952 13635
16256 12523
16763 8803
6040 2893
1720 12873
17302 6738
12344 6862
7953 1636
7058 1508
15653 8740
17930 16381
3171 2347
10167 8610
13842 6398
5302 1986
9372 11869
15294 1761
2792 7452
10739 14263
9026 3700
15032 4397
10138 1389
795 1044
2906 3872
10733 2721
6339 7155
13709 1387
17382 15654
12866 10972
12501 3292
255 2006
16592 7966
16599 16093
4848 2385
14246 7633
15576 14646
17114 15334
14856 6374
12988 12679
15670 1285
10589 11839
16698 7448
6255 8411
4148 9679
1949 6227
4468 259
14736 14463
7834 3797
1920 15500
11870 5976
13567 4349
17508 15367
786 13971
5657 2431
4437 8888
873 12505
10072 5744
2986 13406
12699 7313
158 8419
17310 12260
4134 15095
11348 2775
14809 8579
11059 4570
11482 3864
15308 14753
9350 465
216 13381
4144 13027
2599 5739
316 15357
13184 14452
4511 1164
4470 10794
12986 13241
16241 6785
10389 12899
6277 17553
13220 16976
10319 17724
10434 2598
10948 12633
3389 2029
15891 9066
17653 3256
10390 11135
9865 11450
10412 9131
727 5308
11301 9274
1541 2222
7301 1885
4077 16762
8210 12202
1035 9976
13098 7375
9744 7649
4334 13902
7265 15479
2345 4492
8442 13737
11857 11119
9930 11489
6069 4795
17006 8080
11090 7115
4307 2133
6443 11537
10396 13827
10619 7488
2625 4046
2439 8386
7138 9171
1730 7416
13632 17265
10825 1520
5134 12389
12844 2521
2335 2654
3255 6915
11367 10522
12322 417
13603 6867
602 12990
8290 14454
8734 12168
6482 17964
750 8965
15022 8389
15363 6736
12727 799
13393 13760
256 4947
4878 10488
5771 7958
598 4298
8051 16299
17663 45
2213 1381
3036 1749
953 6217
1635 11859
17222 7987
8690 11727
7743 9407
3835 9541
12015 12313
588 12678
13430 6326
4200 10518
26 11281
16994 6954
5503 15772
2231 15617
17532 16012
16198 13888
3604 8133
12104 4719
17559 2683
3758 1790
8039 5194
7397 6546
13703 8880
9845 4849
17890 12855
15432 14812
11162 11497
446 13017
11841 11802
16187 12167
13353 16885
54 4752
7241 16554
12514 17311
16009 10689
12635 2814
10059 14917
4238 11206
8387 9411
2106 10303
17934 6552
4966 13847
790 5728
17269 3208
14022 1286
17458 17830
2746 6695
16725 15337
11241 16305
15402 13666
7688 14069
2407 410
1036 14888
14562 9206
371 3387
8307 9877
3190 4262
9392 609
2751 6004
13893 15262
15550 6777
2049 8190
15100 6219
15475 9581
667 17789
8996 11807
10265 8068
15784 7952
7055 12797
6304 7923
16503 16806
10449 14843
5925 6096
3733 9300
5957 4187
937 6986
789 1476
4325 5588
1910 9232
15127 6293
5650 1905
17743 14001
11035 8867
14418 3457
1649 10180
7070 7934
15477 10945
8578 14101
10947 9214
1310 12915
6320 1830
5342 5876
4744 14465
16948 14023
3300 17734
2030 12781
5961 8157
5383 4384
4015 9449
17504 17942
7577 6719
17428 13260
9968 12649
14771 10070
1677 8263
9792 1384
879 963
6753 6404
17768 4799
6776 11064
9899 5315
3844 5933
2606 16630
11109 8712
9984 9543
13779 1683
16783 4702
14742 2996
7347 13194
10034 16775
6076 6015
7463 9859
14789 10550
16809 13805
2302 2595
14361 12572
5185 889
17396 17881
17186 7156
6424 8960
12513 17893
16288 2131
2296 4119
8495 8714
6960 477
1907 2780
10516 5809
9418 10847
14519 2126
958 928
8448 3167
2061 3014
10060 1417
3278 6819
5043 3980
8497 5664
15223 3333
11605 13690
14685 14317
3727 11132
14432 12694
4012 16322
13382 12556
11213 3702
7122 7803
17070 13994
9225 16347
206 16350
4116 1596
14347 11267
731 11305
9087 11108
12877 11850
15581 13929
16091 12452
16663 15662
11464 9676
9157 3631
17764 11345
16891 14066
2554 1123
8511 12576
15185 8623
15731 14673
17208 13403
8814 574
12254 10898
17156 5113
780 2627
4410 8727
2649 15618
3100 3434
11400 11963
13045 5321
7561 14648
3687 8461
16559 16101
17178 16422
14037 10481
201 9219
8217 15304
17620 13589
13681 1787
1305 5374
10237 10107
6245 5597
4267 1481
9967 11966
15524 3939
17629 10120
6378 541
13054 3955
2620 2427
713 8556
14870 15131
13656 615
2243 5751
4839 13892
17549 5484
16913 2151
6699 3453
6172 8340
6955 16120
4422 6128
11262 5495
11677 6773
5369 17732
2426 15674
11457 11295
8853 13762
8238 8961
13323 7109
2343 15379
14853 3498
2866 11186
8202 6999
2968 5761
3153 948
16249 12282
5485 1365
16556 14026
12298 7624
16031 12422
10671 2701
14029 13494
8420 9815
16164 7833
16269 4357
10349 13917
12245 12778
2835 9183
14810 10380
14176 17056
10535 13269
16397 11946
5172 3126
15881 104
181 15470
10701 3646
2646 14518
6931 15497
5019 1712
11773 15341
15461 5918
8325 5603
9405 12506
5807 13874
6408 7179
13003 6694
16601 1965
5677 15693
16099 9834
1276 12106
17469 4315
4687 670
12901 9698
10593 9334
13775 1347
10580 17567
2560 6784
2513 2149
8720 16400
4500 7635
14230 14618
11536 12913
6700 15323
9948 9130
12285 6709
13275 13025
6504 14887
8972 5086
10246 5482
8849 1290
3129 6208
647 6357
11990 5839
6780 2770
3811 10906
13825 3712
15621 1840
3930 6423
15897 10735
11092 983
6222 9333
5823 9831
13442 7541
1029 17065
11594 3770
10784 304
5465 10090
9901 1673
3302 1737
9866 9918
9132 1012
10767 7406
248 10952
2127 13384
9658 2474
16505 13973
8359 8319
15923 11588
5007 15173
1328 15413
12937 10890
13022 14113
15443 1203
2141 427
3542 15093
3115 2579
9749 13898
14373 10831
8306 11615
15788 6418
17906 10473
334 12029
384 2768
9916 9524
1226 8348
2334 15722
17955 4946
14242 1422
1722 8950
435 13877
11699 37
5694 17866
10729 16199
3718 3780
16914 8918
16415 8547
5063 5364
16907 14085
14166 9194
5340 7776
5644 9799
16468 16609
15295 6840
16154 2333
6121 9133
136 11014
4985 8043
4740 17974
2618 3602
10324 1201
13751 12507
285 8744
8754 11713
408 2311
3895 15735
5494 1391
14096 12574
194 4373
7851 11280
17130 17631
6448 11170
13957 1556
76 11037
17807 17774
16131 10486
5313 17249
866 6030
3656 28
7804 11855
8477 1154
13405 6820
694 8187
1670 15305
14084 16042
7887 6897
3877 1763
9547 14930
10803 17756
16151 1059
13872 14547
14238 11385
4105 14695
17099 16013
4935 14040
7324 6582
5907 5629
11427 12590
2904 17643
6351 1221
12612 11600
2678 1530
5394 4808
10985 6355
17494 2581
10575 8444
8968 19
2260 5563
12070 148
14068 11182
1414 14233
3142 341
1770 6081
5114 5936
17100 4113
8752 9122
12064 5756
1873 11736
16391 13340
15393 1827
11549 13167
13598 15645
9558 12044
13801 3234
1993 15448
8426 14901
3159 15548
13857 16451
17306 16211
12627 7237
5712 17992
15253 10858
12722 4248
16416 11431
13291 4559
2428 14370
11277 7344
567 12160
9651 10570
15106 7651
13800 5071
8320 13456
863 4756
3516 11252
1698 9701
826 2226
15983 4465
17473 1339
4436 14205
8932 12825
2549 7348
2442 8456
4520 3585
2379 8787
2088 11519
6377 2979
6640 8186
6183 3110
6124 11417
1345 2146
15380 7417
16678 11
2165 5605
11025 5268
12411 14504
6258 1106
16340 11275
6767 1622
14833 9105
15756 11244
4635 5621
8833 14357
13336 16551
14971 16289
1524 292
943 14028
4816 17605
16743 3276
17151 16083
16019 7527
4150 7631
16320 326
2001 4888
8052 7229
7805 15885
10880 6956
5396 15869
9617 17623
14578 8521
572 13806
5102 12098
12146 2408
7221 7407
8412 7338
6855 15216
2122 15702
1206 13230
9863 12668
1744 8761
5156 6356
16793 9768
15912 8691
1180 15161
12987 4122
17956 544
7783 10802
749 8396
14702 13375
15661 10087
16488 14397
17645 11372
6071 1862
1657 12327
12239 12547
14163 14585
6247 7836
3503 6722
5695 6948
3417 1223
17107 4023
15538 15396
14925 10914
8778 9423
10071 5841
4003 1319
15276 533
11022 1883
6911 4697
12444 16707
12246 15310
12717 9869
11960 1083
17744 7093
3721 6248
17698 12187
7548 13684
2506 10843
10608 13378
2582 7700
13036 11349
6604 13529
486 16242
3332 15232
16772 11864
16459 3306
6871 13867
6727 4491
6970 10583
1625 7703
2609 4286
15270 1496
3616 17245
2360 17661
11441 15945
1213 8294
4952 1329
2457 13528
105 13816
14236 9440
11540 9537
2626 12324
3330 8906
5077 5540
998 13595
10719 10312
11081 6108
8889 17210
17622 13821
15545 3221
17600 7600
6772 2973
17305 17816
11222 2480
5448 1705
9807 13641
10796 17961
15537 2698
7373 3462
4510 16363
6284 14662
16493 9731
4360 970
2511 7311
8077 17078
546 10471
15712 8502
14456 2869
10131 4270
2912 11542
16824 17654
17833 16235
10407 15036
9911 2307
10615 7296
38 10262
14086 12186
483 3383
11927 6384
12128 10044
8963 6428
1244 6803
15572 12243
11230 12289
3360 8441
2742 9231
1449 12058
5719 12358
473 4487
4700 11138
16717 12130
15747 5609
12761 9009
2332 13299
15218 15506
8711 16102
8262 4494
8874 14657
12018 6799
2517 10775
13016 961
15906 11668
12280 3522
14122 14623
13921 11937
6323 5921
13732 7108
14500 476
5803 3595
14494 8854
10764 8241
12675 10560
9272 17837
6718 13995
569 8177
8206 5859
16724 16924
1262 4708
4899 693
13560 1022
17962 2634
11880 17384
8285 9737
10888 14508
1841 6187
7856 5262
2147 5946
130 17389
16158 14909
12754 4365
2329 4931
7331 8268
8756 15544
13128 39
17925 8460
11533 9606
9320 14313
584 14185
11073 12274
12208 15864
698 4712
7003 3605
8089 12011
5393 16118
2657 586
449 10677
9497 13262
3724 8655
11426 1437
2008 12772
2286 6253
9808 16287
11888 14387
14472 2612
15778 7473
3136 6349
2574 9003
11829 4653
12491 2432
1159 14332
1297 16113
302 10673
17750 436
17898 12810
5534 11505
15793 1510
9481 15020
10016 17772
14974 11948
3705 17523
10382 1064
2664 624
5760 3764
10996 15147
9570 8139
8004 5480
13830 17155
1257 14848
1725 7598
14359 6491
16498 3707
9697 16813
12541 5748
332 16766
3289 7238
5225 3752
9288 4555
5027 12510
9487 9125
4337 13039
11458 9112
8926 5543
4983 15811
17122 12348
8747 13540
9754 7503
8470 2921
16319 2017
6545 8222
1184 5211
4882 14349
10115 4605
5702 15939
3823 13896
15110 6003
79 364
15978 15050
7057 4285
2518 14411
5387 12270
15543 14883
1366 12096
7366 10509
46 10269
10569 1844
10940 14927
4762 13297
2974 2314
16049 1100
11778 5673
14995 3322
5649 7147
16544 16532
10883 11911
6782 4918
11487 15890
8042 5594
12943 15803
14634 872
3210 3837
261 2072
8490 962
12494 10616
84 14135
4565 16653
1766 4907
16666 11976
16552 9659
7604 8596
10102 8604
890 3077
2955 2849
14956 9516
11556 16435
2409 14998
2817 8463
4466 6708
3427 8936
11513 8434
1072 1080
6270 12485
5892 7605
746 664
11217 10166
1956 12532
10866 12316
4847 11793
244 9074
8451 16958
13282 15521
17541 12144
15888 7921
8749 2805
4717 952
6477 13927
10430 11673
8150 10424
7817 16008
12105 5098
1491 14990
17613 10318
469 6117
10276 6214
6681 9832
7190 16916
4692 7383
2535 16448
917 5377
1784 7746
1808 4204
2663 15462
11001 10510
7372 3653
6476 7648
7753 13626
11129 6048
5451 17746
17192 3233
12953 12739
15665 6958
8374 7881
6984 7750
4050 9472
15984 697
6021 13165
14863 10225
17690 27
11212 16129
8730 8899
16748 9709
3410 7352
16652 507
8531 2317
601 6151
17357 17257
11455 15001
17791 17034
2946 5972
8811 13104
4403 2797
8651 11732
12471 2608
4794 4695
11553 6290
12853 14259
5291 17539
1943 17200
10170 6337
16642 10005
17182 14290
11265 6881
6797 2344
6543 7707
16142 10110
1923 12262
15699 16429
95 7136
13698 16388
1058 15842
6312 2382
5927 6680
649 7714
8845 5197
10093 12606
2853 16509
8821 7995
14488 6888
8066 561
17933 14929
3259 8170
8719 9550
5241 5408
9398 2874
13913 7546
12957 16494
4962 6883
10080 7627
1000 17684
871 7777
6354 3664
3480 13795
5844 1151
13060 6397
4694 6097
15374 9818
11232 2585
2798 3113
16167 15040
481 9538
17525 3158
15235 4969
2546 15966
17300 11003
12787 555
15369 17307
6659 10501
3131 2989
8478 14675
16125 4199
7029 7325
5697 17761
14013 10201
16603 17030
15807 15291
17792 5632
8823 8656
11128 10420
9991 14884
16850 11445
7690 6622
8672 15231
590 2164
15328 11211
9343 764
4086 15646
4958 12654
15905 3795
12338 8660
2808 14573
9293 2534
14615 1554
16444 14902
1848 5459
423 13202
15165 636
5234 15514
3148 4680
7102 15660
12086 9616
3309 6136
191 3704
279 12357
11674 6793
1896 14770
11980 10656
1325 15378
367 8646
2123 3301
2240 600
3749 5101
2707 15170
3582 14515
9840 11020
383 15910
16069 17324
14732 8857
14327 17510
17248 12126
10347 10595
13111 13130
15312 8532
8721 11279
17418 2614
13325 12687
3371 14961
2942 11341
11171 3397
361 7765
8204 11107
4236 1119
2390 17969
4193 17055
7153 9474
8147 7839
12051 7929
17507 4725
10100 3369
16214 9814
8163 15138
10457 8179
12269 3346
3282 630
4340 8847
1564 15460
791 4020
17098 10055
7908 8663
16054 6774
5561 7088
16861 4844
5753 11892
12683 17437
6432 12843
10395 14406
16787 4842
9347 13185
8678 5699
16311 12575
1728 5511
767 7386
5012 11972
17347 11947
8988 5032
2594 3140
772 2190
11737 16349
8508 11686
3015 2110
9480 9733
16260 7116
10725 5270
1013 13517
1193 9179
14213 11750
5637 2839
11959 14580
4478 11111
16250 13875
10525 8850
29 10435
8416 7410
4339 16010
612 5180
9450 4227
17304 16568
14038 16168
12872 15233
2355 4594
17268 17264
5501 1791
9559 6525
13190 1727
14301 9900
6171 5450
437 13475
11863 5624
14755 222
17790 4223
2214 11027
12143 14599
15013 6861
726 101
14693 3520
11583 17993
16183 14631
4940 7045
13392 11995
9629 1411
14692 366
13637 13796
6308 7474
15230 6558
15851 11379
11084 16969
2477 13778
13828 12059
2696 8466
2870 10663
4775 2889
13596 1386
55 11562
14678 6648
7531 7665
3567 10279
14346 2785
15936 800
8956 192
3554 5522
2566 15553
7040 6298
1971 4042
16079 7713
10223 17840
11120 14108
8310 13170
16837 6620
1565 14879
1360 15399
11979 12862
8381 12371
8509 16944
8427 2040
7195 2918
13807 13001
6887 15362
14970 50
3092 7334
9056 15570
5381 11885
3368 15118
12255 7283
10630 2907
455 4173
4252 15382
16561 11768
12664 4306
975 1499
9908 9610
17876 12195
11288 17919
3394 12092
205 4401
6002 11221
13884 17560
8256 1074
6426 3834
15090 12803
974 9554
15375 5158
6421 8922
7569 92
16832 10337
15647 6210
3657 3206
16557 7447
64 12581
12040 6575
8732 15911
3720 85
2956 9592
4738 5493
13201 2216
14056 15528
12481 9084
11907 10077
14985 16119
16968 10242
11752 7872
3689 1789
13987 17261
13614 8392
11856 13959
1665 15239
640 6591
12127 6016
11475 11924
6588 16110
14051 7339
7664 10995
14476 16807
14020 17027
13317 16639
2417 6537
10019 8512
11769 7183
4290 7467
6536 1945
5258 11380
6730 4909
17175 17778
10913 11153
7888 12291
1435 12432
3038 12012
4950 6488
15153 2387
2285 11150
3150 4304
10903 2053
10604 10556
5132 12209
12367 13655
1096 12936
16000 7906
15372 36
9654 12552
5812 14322
784 3166
9384 2652
13292 5005
9969 13710
8121 2734
10746 10444
642 7403
9389 16006
8218 10810
11294 16621
925 7042
1933 12864
7405 10119
6465 17096
9220 1394
11620 7319
13386 17813
4630 1975
16246 7282
2985 5684
10895 14344
2357 13839
17053 2136
16369 10411
5152 15371
4294 2650
11439 12585
7752 10302
9242 5227
6723 5685
12170 16342
2831 5016
6682 13759
8514 11141
13065 4326
5867 8315
8893 16676
2460 5296
17987 9204
11005 6484
13754 13837
13787 14353
15435 9612
2348 12332
3426 12462
8673 16754
6061 9442
16896 1611
16963 14250
13429 10253
17231 8541
8504 14324
5188 3317
3106 9323
13499 16446
7039 7390
13007 10724
6872 13858
6747 7084
6195 9895
13586 8943
519 16080
258 10293
503 3492
2555 14138
10145 11981
2303 15536
9641 8540
13074 15297
12609 13420
17119 16028
5749 1536
59 15251
16999 9824
3506 233
10993 16124
15037 11419
7470 11449
17010 17132
17637 12148
2178 5467
1557 13465
8108 4392
9780 11382
6333 15602
15274 11461
3217 15831
7270 2256
11423 5502
11502 13041
8709 4477
10523 223
2761 4581
16884 274
2422 12074
16057 14896
4217 14839
6272 4930
12061 3622
2476 16524
16393 8648
2565 6896
7564 2378
833 6385
5237 3607
10705 3439
10135 15063
10143 7747
7053 12424
5837 1075
10280 9370
386 10894
7972 17675
2159 4547
14660 11229
2991 16324
11088 2971
2992 8743
11133 5036
1593 8405
3857 15283
16955 16193
8084 11523
15046 7176
14498 1124
17999 17754
4749 13213
11764 12210
11136 5820
2562 620
15946 15422
10521 14650
1891 8790
407 3425
874 15141
5593 6481
6019 2960
15982 6494
15959 8550
17860 3228
4759 12039
2158 3570
15979 5583
5642 5770
5660 17058
1684 83
315 8354
16713 9985
9172 11460
10268 13769
7744 14731
5891 8060
16056 8517
2733 3086
15123 5997
16795 8278
11638 8785
12941 243
3023 12256
11057 7511
2328 5969
8639 10856
2050 8332
4438 16650
13905 12359
13421 10607
732 2771
15326 14265
6965 14847
12525 9186
13645 13975
794 398
6328 9174
14696 8178
17476 17037
16843 22
17367 17853
13895 16612
17595 13224
2045 14459
2820 2887
15278 13579
16141 9600
10469 16798
3862 6630
254 3635
15228 1661
2958 2947
9693 7128
3362 13440
88 12774
17022 9711
13370 6550
6637 12720
3127 2984
2910 6231
9432 15813
15116 12962
8575 5205
10322 6211
15243 5471
9575 3802
11512 13809
1512 1088
15513 7822
5569 3472
3828 10320
2237 8944
7041 2429
3176 12304
1478 14616
10178 16392
12442 4720
1085 12969
12740 7692
11271 6254
12759 4718
13604 7244
558 17237
13477 4309
4352 17918
668 17682
1336 8913
11440 15281
10445 10545
8608 401
8539 1169
9534 275
16207 6981
10901 4852
2242 5990
3456 1518
13189 7858
3203 10446
3008 517
5322 1977
7186 12531
9485 12434
3963 16411
369 12630
13296 7760
7036 2743
2112 9635
7669 13652
11566 7119
14367 3093
8292 10645
16338 10992
5977 2189
11263 4705
15849 1680
14428 12537
12533 14484
12779 13252
12567 16173
4890 9634
15518 15314
4024 9507
239 14014
1627 17648
11763 7276
15051 17211
15384 8659
358 10682
5564 1621
13047 17421
3932 9764
1894 16447
1573 5513
1234 6557
13032 10783
1495 2057
2825 5783
12944 13137
1446 12910
6460 5966
5895 4234
14267 5967
11017 16875
5220 6322
4019 1212
9441 2124
5091 17909
12190 1914
4992 4536
15999 6608
17134 10402
9762 7974
3869 12517
1801 376
3630 13605
5617 466
849 10007
14694 9380
10860 1732
2713 7745
7877 9277
1566 122
7404 13961
5555 14982
17695 8582
13346 6022
8297 13505
8485 3082
2416 12682
15821 2027
13926 17583
7431 10968
9394 2013
17935 16341
6052 3615
3200 7762
10451 8970
7902 9924
773 12259
13374 147
3691 4117
6161 6291
9836 17490
10977 17167
1629 15742
4257 12743
14535 17024
15976 17627
7442 4580
17787 9345
15622 1261
13315 13740
6274 6698
2119 9313
2748 10477
10504 51
8878 2280
10456 979
2647 17513
2525 10852
8852 1004
10067 5634
12207 17048
1753 3155
8750 8782
9674 6173
3349 8510
1077 17488
9312 16517
9147 3443
13035 13033
6643 16869
8505 6636
11931 14584
891 7444
9335 16704
13217 15930
13 7889
17472 6988
16815 16166
15721 13571
4933 10830
13610 3592
17742 11286
385 1704
17767 881
6163 11174
835 7697
5356 10363
4743 11075
2370 3654
15119 1962
4652 16059
12370 6008
5742 12369
711 4895
16314 12690
4729 5331
11655 8025
16669 4830
3891 8494
12299 1785
897 1578
12611 6667
6499 9523
4041 6390
10827 14090
16486 5845
12889 9337
169 14139
17316 6168
15899 9243
17401 17692
11381 17914
1756 10779
14967 7625
9645 9518
12 15220
9397 5271
13135 5449
13719 17920
7173 4864
7730 4009
6666 16197
3995 5792
3954 7476
6485 5309
14987 1431
12375 10622
8284 8923
17730 2386
2100 5076
10685 12453
3477 16175
9422 14042
4250 1534
13011 1875
8683 12183
8818 12498
14754 8554
4052 9019
13593 35
14425 13920
12738 14228
12670 619
472 16797
13785 8666
8417 13038
166 11760
8983 10703
11789 14701
17338 12073
16122 11251
8912 17290
11639 4241
8107 3347
11287 16769
17979 2860
2710 14111
3557 5736
6473 7076
264 6353
1475 4945
10272 9567
8082 14119
7135 8169
14649 11178
2076 699
15904 10334
14223 11729
3685 6379
6835 16033
11246 7668
13611 4319
14227 3428
9235 8566
2468 15715
924 15798
16985 15632
13342 4666
10255 11651
9221 16084
15549 591
2571 17555
12624 8200
13539 10386
17521 2964
14576 14094
8938 3617
17408 11142
5429 17589
5836 3296
5854 362
7886 14151
16882 12265
7943 12385
14752 12940
13444 1511
986 13581
7785 17677
3850 10458
5289 11683
9785 3268
6527 4047
12647 14756
3866 8522
15590 3310
15760 10585
78 3137
12994 13359
12881 52
13679 17590
16461 6878
13543 6918
5669 8013
4038 1321
7976 12516
1888 14450
1954 12294
17069 12595
15947 14811
7485 6240
16647 5730
3565 7310
4880 16383
176 16343
3064 16702
13904 8216
6779 10381
3461 482
16853 12030
2569 11254
14386 15200
4571 10997
13306 15717
13273 10617
17350 5047
17187 15062
9209 1811
8020 5776
606 7645
13541 9192
2482 7491
16777 5359
10763 10654
7568 16645
1535 5081
3706 13080
16889 15539
10647 4746
5498 3257
17181 4631
13889 14441
3544 13940
2291 4404
6280 13841
12156 3240
4777 1090
15064 4606
8828 13811
12589 12342
9669 9740
2116 7794
5922 812
3978 8458
4400 8924
4807 4633
16616 12619
9528 1109
14036 1130
4280 13729
2455 11775
3272 10157
17818 7371
13183 8742
7188 186
17776 9230
5376 14078
12205 17191
12320 14860
5096 8829
7828 9820
13051 13953
17885 7675
3581 3057
13508 12486
15139 12117
9443 6430
456 13802
1416 17822
6447 16691
3539 4485
16373 13031
3156 14392
4130 16352
14564 1997
15817 445
14308 15159
17775 12264
1751 82
8223 288
6060 2897
15412 11476
14583 1548
14561 3267
3004 15580
17610 2109
10642 562
1457 17749
2060 1473
7981 16677
4915 15052
5375 17563
14586 11682
17954 9548
15061 14608
5318 14010
16548 12241
2 7855
1383 9358
13107 13665
8072 14558
9855 3534
7942 5843
4327 696
2821 16275
1588 6344
6870 7303
3787 11776
12451 8895
15681 16377
1141 3651
8844 17417
9085 11578
4271 3414
1189 8045
2227 13066
9883 68
15725 8065
11282 7355
10113 9018
4779 14192
12007 8215
5273 15316
4178 7936
15852 7271
5371 6610
5830 8165
10271 13686
10310 10584
5861 5842
957 16971
5235 13784
5217 10741
9553 13343
6189 14671
3386 1227
17003 16937
11420 4127
6394 15974
2981 9730
16694 14895
8228 12119
6415 3533
17346 706
10699 6625
9828 10846
16680 15189
10032 10393
14048 4537
515 6457
9111 3990
7967 5740
3587 10979
10760 14645
4099 4862
11697 2834
2774 10853
9406 3710
15937 673
1091 2758
7304 15101
6012 9783
4135 4619
17617 15098
2644 8180
14100 9215
4677 7823
7309 17630
10047 16345
17904 15109
7414 15741
3034 5332
2218 16157
9585 9294
1560 3260
13495 525
17394 11317
17085 347
12992 13489
7208 9864
14330 394
1030 14288
15569 8335
4509 15575
16004 2533
5329 1186
13335 12926
5939 13166
5858 5407
16487 15176
8349 16258
16579 7133
10698 15546
9000 12052
17530 7187
16729 1307
14159 17459
14713 524
4597 6310
9430 9963
4073 7672
15560 156
7193 12868
16026 2137
3634 11725
167 6467
1353 2115
17752 6100
6671 16718
4616 5352
5346 3671
3227 5159
8503 14768
14310 10169
17383 15424
15423 9213
4458 6317
17491 5004
5894 6409
689 16045
2604 9434
1519 2845
10618 7520
13002 4044
1334 12407
510 16656
16940 10249
1793 9310
7513 15659
16302 5958
16585 13463
2741 4747
9089 9060
12578 7544
17895 14632
4078 828
13891 14607
4203 7907
3141 15169
352 6483
13006 11970
7613 197
526 10397
9162 16741
8116 8890
12917 768
12823 16135
15591 8762
15210 8537
250 17005
12764 1078
17951 17652
8472 10387
6138 11666
7710 9103
9124 314
3388 14722
4879 13622
13333 3089
4380 17707
5815 1916
14882 13580
2559 1447
11080 10655
1289 2752
10091 14555
12919 11753
5223 12956
6025 11199
11783 2570
1626 14257
15507 2987
2728 4207
10966 16961
9079 16737
6975 8902
17497 10678
14269 16993
11833 14371
14319 4961
15373 10008
6706 8112
7748 10738
11216 4054
5242 9655
2515 4883
15188 11818
5121 1895
5951 13496
10054 4938
5693 4140
9150 8725
15866 683
2489 1434
12521 10372
12549 14405
14986 5486
14217 11503
4904 4305
6085 2531
3047 17561
17113 2781
12893 5671
10104 10620
1480 1429
4092 14003
1483 464
4075 3583
14779 2658
3085 3196
4157 2541
14091 12062
8316 17679
1859 6411
15953 6917
8692 14439
15 5690
15585 8141
1800 1427
13834 5095
14978 17618
14050 13650
17867 12229
14417 17252
1724 11522
8087 5589
1034 3927
11268 15268
3286 6987
12949 3726
4194 728
1692 1824
12469 15463
12608 6595
17163 4484
15571 14801
14478 11704
17014 4789
9795 1425
9723 3467
4377 4128
5721 12905
5810 1572
2561 15407
16696 12829
12909 11256
10759 5436
3144 15222
7592 15839
7423 9906
1674 15924
13715 15330
3486 10306
2369 14487
12916 14907
819 5550
810 13142
5046 1443
11526 8304
5821 987
3238 340
13903 9692
12223 11707
2899 14790
16452 10653
12800 5033
2341 5457
11443 2458
16285 6185
6437 5444
16779 16998
10354 10776
4802 5460
14109 14264
4588 17586
3173 13594
10061 11653
7069 10357
5037 11532
17451 7009
12347 17202
13320 11159
9262 2724
8748 9652
3921 15601
9650 15440
17214 1160
1251 2339
3164 11622
2936 1092
12157 15520
9929 7751
16465 782
5439 12046
15081 2503
6714 9425
744 2363
8971 5195
8593 3500
14788 7429
12415 16563
1081 5299
4764 16685
12849 3482
12878 14778
910 16936
8162 7522
17815 2896
12216 9051
8352 6732
6118 8213
11770 17834
14087 14503
14341 14121
5461 17388
10355 4682
5672 11854
6495 13452
15212 9426
151 666
13983 976
13963 14592
6758 7118
12539 9021
3964 1948
10624 4205
31 2364
15676 2790
9495 1624
494 5794
8132 5717
7497 15115
3612 3969
2402 13394
6391 14393
12522 9850
12308 15626
3061 16530
10026 3117
16536 5613
1865 16441
16771 4463
7682 10478
9958 2487
7161 3916
17287 16332
4584 4472
14088 5161
10892 11766
8123 12550
14932 2114
6806 16257
12382 15751
12218 4916
10176 10147
2725 15260
6147 4865
12930 9794
7749 8364
12053 8767
15763 11045
3754 2064
2763 8908
12341 3708
10479 14147
7534 13037
9379 9819
14208 13481
8806 16974
3900 14296
17223 14908
548 3648
613 12861
8565 15410
17403 287
5304 13076
14284 12022
8863 4137
8716 16628
7222 5170
2954 16018
15625 1373
1199 7820
15680 15642
11328 12319
2391 631
2512 7873
9143 1471
16434 16512
7515 9267
12579 1710
8581 8702
7565 9811
1374 11336
5136 5558
17416 9095
5430 4347
17250 12113
7016 17651
11658 11422
6990 5423
12493 14824
2010 11731
3987 1598
4388 13126
7954 2121
7277 11300
10092 1040
17703 2982
14855 4833
16522 702
15666 15322
3788 7450
14638 7333
12437 12492
12273 11884
11203 9152
3737 4008
15862 15790
48 5646
6614 4688
6798 11748
779 15202
9151 5504
11074 1810
6441 17303
12818 9050
3145 15178
7082 2520
13915 1890
935 15286
7005 11936
11137 11261
4611 3125
1472 8295
14388 11962
14211 8791
844 1587
9544 9068
15303 6111
16088 16442
14012 7127
12179 2465
281 252
16608 12250
2640 3123
9753 12401
16221 7008
10174 6644
12991 15502
5620 7401
1219 8601
16174 3714
17279 15685
8071 13040
3178 4984
6745 2827
14164 3022
238 9936
6137 7956
3002 17463
531 5330
2000 4550
6433 3496
11413 5344
1032 12822
6616 2911
9931 10761
12446 995
984 10498
6123 11471
11006 14286
4875 16749
7786 4416
12512 10227
4686 11560
4512 15664
13227 10799
5259 1198
5983 6367
1838 8414
3692 7582
756 14664
270 6652
3111 1467
10142 9393
9128 12548
5279 3606
3976 2638
1513 17091
4730 2244
7689 14016
5998 17706
3124 6243
12716 16477
4201 14577
14677 14378
9336 10350
14251 17206
6834 9136
13238 14142
1192 17440
1528 5656
10476 12097
4673 14800
17848 17838
1659 2645
8482 10460
17088 15097
9626 17897
9522 7017
14333 16133
20 9327
7676 4515
1642 9700
6684 7376
17329 16893
5249 9668
12236 6884
13097 851
463 11554
2024 14718
11145 9090
3216 7000
13255 7104
4643 8977
11988 8161
3740 628
5478 16212
13504 16523
15431 8997
2577 15870
1806 9223
2622 4328
8574 12865
13569 8350
5411 4279
15854 3860
8154 17171
4892 7100
14994 4920
6843 142
350 17894
2042 14256
1379 9346
9028 2726
4420 15809
15723 5720
17193 1549
11456 14027
11538 368
6192 2932
14846 7638
3807 4066
2081 12718
14270 17753
2864 8353
10750 13309
16153 11009
1576 6778
15758 17533
10908 9198
17636 5683
5701 10399
3836 1187
8869 1211
12142 17330
2868 17875
2700 6938
16927 8106
4872 10482
12158 12673
6077 4247
12571 17439
4493 16196
1882 5437
15865 14225
6764 6626
17948 3352
16567 10023
9273 8545
3667 10537
3510 16481
7973 14686
15857 5068
12365 11127
13808 9163
16389 16918
16810 1561
2491 14502
11614 17152
13620 231
16144 5326
15104 5591
3669 5497
7880 654
1191 12982
9566 2283
7028 13013
16984 7037
9007 4415
17786 14683
5001 15472
13439 11134
17958 8600
13461 16386
2139 4821
5089 5042
931 6512
5711 10078
2850 11434
1514 4424
610 17423
17002 6592
7322 10344
7140 942
3734 2754
4706 10317
4133 9017
12166 6752
2420 2630
4482 1270
16387 2228
1702 6205
17896 2450
16858 14326
12438 1819
7989 6420
6583 12379
6321 9590
8105 7033
12412 14266
11935 10105
8697 17569
1474 6381
12045 10565
9673 9809
15213 929
17843 5168
11957 4760
5174 395
1941 11819
10261 16116
7123 1963
4402 13851
17872 15284
17556 297
4297 3745
5413 4578
5463 17004
11826 13746
677 16758
2823 13285
4649 5107
14189 4421
2716 41
2572 14567
17373 10438
3759 9354
8231 15762
16365 13694
7810 17723
8693 14532
11366 13954
6480 9123
9508 5662
6246 6461
14782 603
13082 12449
2015 12895
7530 14557
6828 2815
2580 11883
13078 15940
5764 10364
173 5896
3494 7556
14601 13200
13138 13682
5454 11070
12955 9521
7768 15913
13209 11130
17019 10234
5140 1851
3029 15082
12703 13804
10587 6993
13004 4554
2702 14869
5173 8927
12904 17294
12734 16808
3446 3776
11644 7686
7581 13563
8733 16644
16755 13265
13101 1126
13127 9734
8018 16845
2578 15688
7425 17582
12078 12735
1843 10127
6526 626
4758 4623
12139 1903
11125 8763
13576 4132
7755 12626
9146 17032
2692 3913
15024 6651
9861 2410
6995 10375
14297 15736
7483 14798
9786 11424
14120 3037
17021 4108
12433 11590
17320 15599
14058 1464
12942 2321
1726 16501
2688 1147
2924 2552
9662 2308
14984 21
160 7230
16844 938
12924 9725
7020 17911
2504 4866
16881 7356
12616 12796
6756 1994
11308 6162
14939 17687
15000 10088
5963 8399
10919 9568
11734 4175
1676 13436
1309 9385
13096 9923
4027 16535
11531 2584
2093 7514
9881 9687
106 9072
4679 5252
11708 3856
7505 17116
3993 8553
10684 7742
3972 2440
17450 2424
13177 3007
17165 1255
12476 9086
6425 3884
15437 10339
14637 16104
15266 17333
14307 13388
10795 6524
7457 12132
16185 17477
5325 3560
10497 5104
11143 9933
6269 4529
3773 12689
5798 6750
1114 12637
16606 7050
2219 16286
17773 12219
3326 13132
1617 1652
5944 7388
3435 8145
17060 902
6407 4180
13831 13000
12623 2495
10298 8390
1037 3803
17609 12124
506 13163
15204 14123
5226 5806
747 12306
17514 15612
13409 10765
2447 14711
7074 9825
16788 8644
6822 1359
10874 13272
1248 8360
13307 6922
1607 5026
1362 12102
4827 14477
12141 9248
13303 16382
487 4441
10950 9720
2975 13486
1392 16050
10057 7547
8779 12698
10362 12465
16839 16700
14169 1567
3172 11250
5616 1275
9844 7849
9129 7867
16232 12577
12617 5766
6158 17126
4601 11941
1609 4147
15403 7083
6444 8044
7815 10592
17259 9135
10578 16025
4165 12584
9404 4757
3998 8127
15816 8443
568 16405
15055 1539
15269 9763
13608 17733
11634 7198
8253 7572
7883 2288
17351 15791
13283 11929
11623 1281
9383 5544
5509 8835
1577 7885
5902 10130
2602 8188
15759 12021
5187 16414
8054 5791
5039 10905
7048 16407
17829 13483
4646 3202
4967 1957
17534 6992
5427 10281
13619 7986
15016 11371
7696 1613
5284 4114
3996 10294
14704 9478
15157 13675
4486 5884
13618 13210
796 8171
7066 14362
6757 124
4082 13742
14738 9006
14193 2697
9714 378
14506 15340
2188 12211
10554 5584
1256 14912
1990 9015
8282 12685
9858 14107
14410 8838
4409 15799
5984 7063
10534 4870
15458 15113
11326 13193
14835 7706
10672 1107
10586 16283
12014 802
7837 7052
8784 3121
9233 11407
1023 12842
10854 5045
2197 15299
16733 4056
6532 16076
3471 8158
442 5549
3690 12325
6268 15767
6330 8254
17266 14568
12286 8525
10203 16127
372 17727
2941 739
7948 3152
6609 17747
3103 982
2505 10920
12741 15841
17051 17751
10323 8269
8995 16354
9684 7759
9212 400
5548 15077
12684 7393
9479 9769
4898 5979
11375 14065
13566 684
10329 11369
7359 8676
12163 12235
16904 11813
15593 7950
16485 2914
1388 12116
3108 13633
13312 15595
284 14781
13606 13368
5338 8989
9525 14647
1314 13216
9378 13607
4641 9271
13023 149
7330 11403
15121 12897
7096 4498
1647 9813
7671 3367
16864 12695
11685 15336
13288 15958
10455 7643
5816 1831
99 15808
8987 5557
7610 8367
422 12155
16521 5280
6748 6617
15858 8706
10704 11842
399 3621
2193 5418
14407 11721
8492 2935
17138 2527
15067 4452
12755 391
1600 1639
12450 10971
6348 1006
16545 13044
2393 6800
7729 14537
457 9569
7382 3696
17965 9283
15275 13046
10426 11310
1247 5405
10958 17588
15069 2377
14946 882
9599 11477
17399 10475
941 16540
2888 4638
8321 3463
17615 9890
8519 10296
11444 9363
2905 16139
9415 13492
4371 5956
13815 9061
760 14983
16112 843
9960 14200
16011 11395
12696 6600
13936 13756
11621 7202
15364 10665
4423 15240
1713 8407
16820 161
2144 12946
13585 14962
98 14278
5732 11837
13365 16651
12636 6804
14285 5790
17685 4654
10839 15193
11741 13294
10003 9108
7234 1531
1942 9738
1525 15483
8125 14934
9069 4330
14911 13989
9934 11738
11800 6792
6704 8933
7959 14890
15009 7280
3440 15611
15255 9092
16759 2134
10989 12706
13717 10808
12631 2163
3515 9388
11546 11191
10869 7067
13211 2388
6741 9349
2706 9033
735 8086
3973 17759
1010 15971
2037 8273
17714 4784
16178 8280
9252 16688
9736 1608
2867 5965
17215 1031
7528 6846
5420 9195
14741 11667
12470 6146
12551 8167
1776 1148
5295 9938
468 9981
13982 9279
12340 3694
7537 1197
12838 9455
15428 14234
14258 13387
7254 6717
3288 17447
9254 14375
16966 797
15732 589
16500 9907
7346 13783
14688 5333
1363 6670
10986 4811
2025 12196
9608 682
7723 14209
5216 5432
6707 140
16458 9280
11910 7994
2236 11676
17129 6875
17018 11164
13077 16195
7080 10429
16746 421
17084 13860
8046 2323
9202 3541
823 10097
6218 8049
13197 15769
17499 6967
11822 13356
221 11034
7395 15111
1358 11828
9362 10742
3586 3297
7056 1571
11354 14633
13362 14337
9897 13443
13251 16238
17710 17345
7132 5151
8491 757
10780 4255
12065 11322
6259 7260
13744 11647
13398 13955
4959 10228
16934 825
1174 1959
10832 13279
8523 6886
14530 15977
7196 11179
13428 6102
16355 15963
3677 730
4925 7938
7722 12666
209 6570
10937 527
11906 13143
17172 1061
3316 15426
10089 8328
17543 17045
11234 1706
7064 8408
12826 3083
16986 2198
5129 6837
7865 15084
344 5192
17826 2456
12737 12816
4502 2443
4230 12972
17817 1113
6287 7677
16638 4505
355 4672
830 11573
11065 7653
7462 10562
10112 152
4774 15252
17179 3792
14665 9317
1738 11004
17531 12443
17823 4300
748 6740
7268 13233
15315 10330
5276 16318
12629 10195
6410 4522
5604 14656
8535 16827
4563 5640
6638 9416
1687 6474
11306 15671
12773 775
8017 10627
1350 7278
2791 5307
4739 15350
381 7148
12833 17054
14838 3838
8487 7314
7377 10038
5873 11786
12349 11496
17874 319
10651 15434
7660 6358
4425 16480
9542 9951
10626 10074
11711 5323
15149 1892
10233 17136
11747 7272
13501 7524
2969 15224
11055 11909
3355 17737
13191 12368
12545 10311
12258 9667
12615 7409
8649 8012
4398 13706
15359 12840
17164 14041
14114 17781
3577 17596
17907 3579
4059 4575
14569 4521
15523 10754
6623 11943
3847 9366
6692 5784
839 434
12655 9759
13556 4253
13099 5625
8675 3730
276 3024
7674 17280
1870 2271
9878 3858
7475 13328
14052 685
1439 12641
4989 17093
11314 10732
16890 857
5832 8939
6842 8330
989 14004
3845 12445
5072 4698
14922 3376
2352 1118
16553 7075
15246 2690
11077 12543
3755 1980
8797 14181
9121 6201
11684 5885
16863 2672
8146 8041
17379 1708
17465 15519
15190 17770
16785 1502
7601 16573
11844 8413
10809 14964
8421 10887
62 4868
4426 286
14554 9001
14559 6422
16160 3348
17696 11194
9912 13819
10603 1818
7922 12947
3013 7030
3197 14563
6629 8422
13968 6042
10403 16618
7323 587
1866 4732
17601 4103
16281 15981
14900 1239
9913 14384
4714 15955
14369 17455
14273 13102
865 8736
13731 8682
3336 4707
10632 9117
16396 5218
5286 4265
4506 501
11312 6110
5915 9874
9802 15872
14064 16657
13008 1503
16991 6927
3423 6541
4093 1127
15802 1828
15361 14992
3566 7863
6307 9377
345 9529
3915 4000
8866 3479
9457 6435
14920 220
6502 2662
3553 15986
15409 1538
518 6653
4927 15667
5729 15889
10690 451
9643 9484
17581 1264
8886 14868
4213 9842
1872 3599
14035 11840
575 4956
16171 2142
9729 2556
16378 3985
17361 14009
9939 11248
6094 16894
12929 11389
5230 9849
11878 16819
8573 14229
6838 5097
12530 249
11586 13179
14291 17489
11290 4728
3961 14231
6786 17810
886 6472
9572 5953
7979 7658
2879 2837
10817 6414
1795 4171
7879 9894
7012 11576
11617 13057
1102 1183
6809 13152
11663 3641
179 6983
10936 377
11851 10954
11307 16990
6043 87
3825 7905
8062 8369
2069 17997
13602 17841
14098 4858
459 7232
14237 10612
2166 14473
15511 12973
967 8098
17077 470
14758 210
13419 11376
956 7741
8548 10978
3366 17393
15490 9500
12813 7335
8851 8214
1752 3010
3334 1316
5378 1401
11358 10122
16295 3358
6459 14395
8143 8226
265 1794
13951 8911
12747 14605
17348 10075
14110 5343
2789 2411
9024 15509
15430 5236
16569 8469
15144 16309
17097 3568
11033 13431
6332 6155
6935 4936
7454 8746
12475 9164
11183 1968
9276 7436
17246 15058
5718 3128
8561 8980
10792 11510
4855 5468
1306 4097
2300 3563
9742 15886
10031 15447
13878 5726
16902 759
6691 1190
7284 7362
6009 16137
17325 5010
3345 3728
7288 1921
13092 4063
2589 13788
8810 4210
8259 13520
13124 12665
15427 12732
1390 10790
6711 5541
6233 2708
4385 9942
16866 10004
16822 9758
5024 2830
5229 7368
17140 11628
12744 13447
6810 11346
8984 10408
113 1979
10717 12923
9778 1135
12610 15353
1026 8885
5808 14611
5040 1640
49 7315
15464 9188
6980 10598
16684 8967
12238 7364
12885 16711
471 1699
8559 16323
6373 11847
8496 8244
13833 7434
12033 11205
15122 202
12989 9789
834 16330
12355 14881
5995 955
6073 6142
8394 13469
11814 3169
5919 6814
9760 8428
16495 9029
13693 17118
2816 7367
9412 4004
8327 2301
6057 859
354 10722
365 6089
5353 14680
2187 3211
15499 10574
12459 16910
1008 17448
1468 4803
13642 9804
10163 10596
3880 7297
15837 9424
11173 3898
15884 14918
5714 6260
13548 5796
13267 3549
8799 211
4657 14206
15656 14471
3319 10650
10256 15948
13146 70
13376 183
5491 17713
6796 3154
3801 9860
11269 2327
2299 2959
17708 10348
10816 16805
14728 2952
9627 12147
12399 1711
17573 7389
6920 6632
16224 17470
12821 16206
14889 10358
415 6072
5537 11046
7157 5747
7911 15933
8654 1129
4314 10405
7226 9030
6262 7054
4972 17232
17854 4323
1137 16794
6041 14947
11337 8397
6661 16962
1973 2174
12448 3042
714 6204
7693 6642
6857 17519
9871 10515
7711 1893
13673 10417
13697 15181
15823 16868
7239 3766
4980 2937
3538 12845
8440 2224
15998 2048
4229 9094
16593 12213
11316 13319
13061 10413
13081 8635
17871 10969
12596 13933
8792 3888
1983 10772
16980 10123
2102 7916
11204 8903
8 12038
6998 8875
6297 9970
17387 4215
89 14117
16632 644
9410 6500
13247 1532
5074 10815
3822 13836
3418 10009
14639 13473
4773 17360
7868 5406
7588 4541
15433 12410
11761 5667
4772 8964
4538 5638
2810 103
12808 17803
16781 13885
15225 14674
5781 17128
12388 1590
1304 8619
16420 11524
2200 806
1185 6464
5060 14243
11453 14954
15925 985
14745 7558
16750 4010
3709 9314
10885 14669
11327 7670
15025 7295
14602 4335
5531 5786
3979 1992
1782 15017
12049 9595
10749 14015
5146 12352
4411 15639
6036 2026
9816 5612
11733 6790
2796 2501
8189 17201
6475 16605
12724 5278
3380 7941
30 13242
1052 17995
11779 7381
17364 1343
17812 5636
10785 12479
6383 11986
5890 17135
2856 8468
15197 13600
3984 12028
12009 3670
16058 12408
582 14073
15044 13846
755 8433
9545 7227
9752 11264
4260 8471
12939 198
4214 7892
2494 8173
6396 4648
7413 13348
17251 15651
9002 3191
2891 16865
5971 6978
11031 5777
12934 12480
11571 2047
6035 1173
9779 6334
12896 16172
13188 10723
9052 821
8515 5051
15644 15227
0 12777
8620 13630
4362 7644
12560 5079
9160 2079
17542 12311
5221 709
13360 860
11555 5070
1879 6879
14690 13110
12814 13677
12351 5469
16988 17568
5282 8104
14000 14202
17406 6795
11893 4032
13148 5153
4026 10154
11606 7543
17495 17963
12768 15564
14651 6949
16816 550
5652 15196
10549 8388
11790 10918
12056 13853
13818 8459
15177 13561
188 9275
16308 5852
11902 12230
9848 8343
3530 3058
16278 4607
6850 5175
5789 11494
10721 7540
883 13764
14726 1404
9664 17334
3603 2951
681 17452
11871 11889
4845 1678
17375 3484
14999 11190
8092 9620
16697 1408
11625 6976
10591 16460
4596 4172
14423 14928
16658 3911
16316 8513
11383 43
676 5994
2711 15761
14591 16313
4164 2150
7570 10156
3218 4346
9973 9805
13351 10970
14161 1217
17527 12760
4552 14462
14625 10305
3458 10737
14840 7646
11007 12927
13256 6963
14589 15201
6314 2365
8999 663
4446 2071
716 10696
6133 17407
9302 4543
8640 5825
7001 964
8309 11169
8064 3502
10117 832
3610 8538
9282 1812
6215 9812
6662 17369
11289 13287
3295 4733
13232 8549
3487 14737
14434 14187
13883 15265
745 741
585 15143
11506 3784
1196 11716
8769 11706
16073 12261
15782 9632
10636 15631
14191 16449
3416 6190
5370 13145
9344 17267
12503 6618
14368 16874
9925 11675
10468 10297
6007 86
4368 12047
10173 454
4991 17174
8193 8255
14128 12057
1822 11722
11968 17641
3790 11607
5545 15398
16271 3548
7969 3919
7199 10957
1003 751
137 2876
8196 4727
14659 3335
12378 1584
8834 2405
15450 2553
5231 16450
12478 2990
16001 17159
116 15713
16867 17162
12580 14175
12398 6945
14600 6170
13949 11982
7449 1415
8929 16633
11058 3
2277 4530
4981 12391
9284 7345
6815 9580
4620 7965
16403 848
5682 16908
4949 5398
13654 15775
12793 1868
6580 16582
16617 16912
12362 5065
12850 16134
5868 16768
12663 2617
14356 14482
8453 3804
8919 13015
10891 17481
1645 11545
14323 16951
4655 7830
10215 12854
12072 5691
17405 808
14816 12337
2961 1453
5687 4564
1714 16854
10022 10239
10691 3924
16022 6508
4604 11085
3937 15705
7770 811
12439 14915
6359 16643
6510 3684
12776 8843
9016 16055
10082 3918
16712 14854
5025 16370
17059 15627
11930 4503
13900 16298
450 17209
5087 5733
7370 16096
13869 12588
403 150
11210 4979
7210 14294
8808 15814
9743 14926
3952 8075
939 2180
5092 16326
13467 16220
2022 16362
15577 16329
5145 7951
5139 14340
3735 3225
10001 1253
9427 17526
10415 16469
9014 17741
2313 10440
9512 9464
8571 3794
14468 13657
8377 15753
15718 14727
10224 15076
10713 3679
9546 3736
6058 9127
8500 13449
13385 7134
9601 7060
7068 318
3235 12066
10198 5112
1570 2454
6455 8033
9519 17008
11996 3536
3273 10325
12366 1805
4450 15425
12672 7591
16053 15703
1996 12426
13334 7162
9703 4737
17664 11166
1412 5013
2695 9491
17639 3601
7835 17820
13298 6900
8530 16964
17671 2833
6601 5665
15030 7512
15415 661
669 11311
5811 8905
3747 10805
16878 16177
8467 1448
12546 2194
17026 8622
15609 496
7876 7166
5782 13243
13755 9144
4209 11791
10013 14828
545 17291
16490 8437
17322 3678
15608 15710
14276 814
9624 10697
4622 6863
8935 12418
1249 12037
4885 17204
15909 16542
3101 5735
9326 2245
11155 17607
11350 1668
8005 4372
8185 328
16973 2177
11895 13890
4237 16504
9452 12024
9782 7486
16126 13570
16668 12625
17340 3938
10492 6197
17282 17797
7175 6959
14125 14351
17540 17647
6099 9556
6029 2217
12043 616
9458 11810
13966 10101
14844 1938
12416 5631
17146 11319
2945 5316
15471 8117
13347 8473
16186 4809
8197 16739
405 16655
7878 7354
6817 17836
1156 7632
17424 17356
12705 5654
4192 14075
17515 8119
4968 8021
10520 17
885 11920
5367 13555
13302 15406
5474 8410
14399 2235
2926 980
10820 16205
7204 5520
1086 16954
14527 1817
16780 3314
15583 8102
10068 301
8677 14002
15990 3207
16833 4861
1849 6492
9628 2703
8430 2304
7680 12801
1999 11374
245 16210
6973 10935
733 11611
16394 11318
295 16977
15594 10822
15860 9642
3253 14485
14493 9170
8455 2103
15691 1802
8338 1826
4636 9922
15342 10517
17546 15943
3070 9898
14867 7578
485 15684
4897 11796
13178 11846
5365 8081
6327 14372
6417 9064
7939 6393
1094 1346
12918 6908
10988 5464
7662 1569
11329 14542
2558 9887
3493 13071
14826 11603
4480 7657
1858 3829
5472 17040
7655 7935
2995 2028
8794 4869
1231 16546
700 9637
5924 15558
8040 3977
1823 11710
15876 12594
8027 7802
5878 10133
6627 2090
3179 8786
6405 6478
11478 14923
10094 1105
6569 16886
11669 11063
4211 3096
7287 9041
3204 12331
17089 94
10079 13369
12508 12194
15745 723
4034 6014
9038 2799
2809 2478
15075 3575
323 13470
17635 11873
14426 16499
16280 7864
4582 6079
6302 1641
9268 10226
15473 10300
5131 1340
9054 4886
12875 390
6319 15481
12652 13568
13976 5857
14619 9106
11662 9447
8489 7946
8710 570
16478 3382
15411 12060
5021 13286
8191 11219
8632 12863
4978 16614
9114 4021
7819 864
7732 12771
16208 16328
9281 14536
2404 348
7999 189
17799 2392
4342 2062
8486 13153
17431 5410
605 424
15853 7801
16070 8567
1964 9211
9203 13956
16770 15941
8391 13175
9678 12472
9621 8053
604 3908
3550 12582
10922 12894
16003 10502
9611 5556
9893 13741
10507 10106
17398 11197
10373 2916
14845 14712
1342 5328
10388 10045
6135 5080
16943 120
14531 1658
278 922
3377 9278
17927 208
34 17038
2247 15748
12628 14165
12728 3588
12292 17207
4781 13970
2376 10679
11193 351
1070 10529
12231 14609
17984 8438
9685 3559
17517 14146
17716 17484
911 3644
5073 5297
17537 2358
9961 5800
14543 15381
5846 2350
11028 7091
8793 10999
17166 13651
8091 1878
13244 4553
16625 13424
8322 12266
6416 9803
1947 5920
9057 16051
13338 4222
214 2362
14145 2544
4139 9647
4479 16547
480 15972
1266 8346
17878 16472
15689 10108
10175 8618
1602 3375
10551 3340
17247 8859
4750 2847
1296 5125
3626 5335
16267 9295
15072 16870
11200 3545
15812 1424
5723 8260
6224 13826
1735 9413
8501 3444
1218 7840
4182 1287
690 11591
10014 10748
7705 6223
17362 5422
1291 4829
17359 15019
691 1797
1293 12632
7608 2437
14144 10351
16634 3868
10182 4628
15349 2496
6726 6816
12361 884
13634 13776
4997 397
14654 16252
6890 2524
565 16253
10804 17374
9265 7035
9713 16356
236 11504
14490 3501
2681 2970
4518 1825
16671 12071
17308 4061
1243 6301
7258 6471
6571 9562
3262 15610
3251 16856
17298 3716
3120 14893
2206 2930
3411 2204
13516 12900
2900 13361
4317 10229
2381 16068
3490 5183
14993 8552
3625 11915
16817 4532
11785 7773
13601 16240
901 1832
11335 17851
13965 13531
9921 15140
3620 10844
14247 14345
5186 17041
5275 15867
1337 15327
4592 12952
12309 1209
1816 14400
1311 251
11974 6874
15629 8606
3715 15429
15287 5618
6120 15105
968 12847
8841 10289
4188 4640
15348 3983
13012 15096
6507 16223
11746 15041
17592 5265
6125 10419
12330 3537
14936 14938
1324 16159
14814 13518
11689 2230
9012 5212
13616 13052
12529 3815
2684 6479
7917 6235
6244 3512
1580 17498
17544 4572
12279 13844
11951 16188
2425 16570
3813 8099
17785 4051
6342 3760
5414 13725
6313 9489
17529 17391
11958 2737
2182 16728
2610 7798
16631 11642
719 16317
11095 16720
9695 12227
3074 9222
13674 16027
4444 3370
3437 3378
4456 1042
990 17777
1233 9953
16836 3966
9712 12082
10230 14173
14622 10720
16412 14593
7918 16368
8393 10160
4731 8337
5317 11061
703 2319
15496 5171
14948 11973
9167 11220
5059 5368
12131 6898
6628 2679
14950 12970
12017 9433
720 9226
6734 5750
6882 2828
829 9689
17429 4277
17363 16482
1349 11520
6538 2723
10747 611
9532 14739
11397 2374
2563 226
13228 12622
16502 17061
9935 1274
17412 2516
9291 7827
14492 12634
9891 15875
13500 8457
9301 13592
11728 337
6997 1216
10096 17884
13357 10930
4943 1935
10244 5310
65 11238
5184 11493
8910 9181
10928 2128
2331 16757
557 7925
2629 4542
11273 17718
13727 2557
7726 7191
9005 8488
2097 9246
15088 502
3012 8211
16138 17313
2543 10270
13879 12968
159 17068
10275 3308
9739 2729
3988 11694
4110 13263
16410 7305
5913 17378
10084 2262
10756 13123
7090 6005
9368 6212
10949 12300
15587 8153
4276 2118
1592 7584
16233 5882
6969 5198
4186 16941
17572 5138
15160 7533
8627 16075
8609 10168
17127 10371
12998 3906
9448 13173
15623 5312
4160 4282
9008 8585
14773 7894
10670 1650
4142 15031
16259 7022
440 10648
17788 12660
2466 2105
5630 17678
15529 5960
4429 8872
5018 11056
4202 15789
12911 665
8155 8003
16353 8192
7044 3953
3574 14524
4726 4924
651 17996
3762 9576
11875 12841
1638 7846
23 15709
14894 10800
7201 11196
1142 10442
8347 11599
9747 1533
1775 9950
15616 15770
5818 13932
11236 15780
2603 9666
15271 6914
2038 8257
7137 9552
13459 11997
5290 9835
2471 13771
4396 14931
17315 3905
143 1846
17213 16760
11325 8069
16960 6673
11195 17035
2261 9387
2522 3270
11158 6559
14747 144
9373 11472
793 14287
14350 12677
9367 2693
6533 12423
9943 17748
11240 5518
15400 9959
2885 17086
5658 15830
4929 4854
14104 3748
7947 1637
15776 2101
9717 12907
12405 2094
185 16562
3672 17717
5911 1729
6612 3199
7478 17994
8595 9400
10307 16071
13021 5294
1685 11612
4149 2908
10886 17722
12002 15711
12414 10766
13964 7595
16453 15555
13728 3665
12484 8598
6329 5725
14204 17000
11039 16566
11365 10409
12555 2593
3946 5628
1662 1559
11100 8661
5727 4459
712 16859
8166 12247
16182 3572
5530 16892
930 12268
5035 17917
12406 4101
6382 10199
13687 9872
5813 1932
11291 12108
15716 14817
2403 3116
15682 16597
10634 4427
17616 12888
5305 6989
14318 12785
12221 14170
2682 16826
11180 13822
317 5473
13765 3934
14594 17076
1669 8183
8739 1005
60 14039
11723 17042
15114 11831
15047 17670
4591 8921
127 16184
2740 7634
14655 4634
15493 17079
3636 4527
13988 8270
4796 11534
12122 15395
2359 16693
652 1041
5689 4851
1489 17486
4973 3420
2759 5067
3897 10116
16576 2153
15133 8705
7630 14596
12790 15879
17528 9506
2717 11463
10707 1283
4617 3020
17579 15065
8242 3723
3403 5881
1985 8591
1445 2928
5914 4610
5686 10383
549 2268
10341 9357
8181 17169
9843 15099
7209 7219
14815 17235
8994 16823
10686 6196
9539 14957
17370 16041
8576 17385
5319 11967
4445 12463
10410 6372
878 997
11690 12176
16491 9134
14787 4748
9947 5433
14366 16922
491 1912
1398 14112
7626 8858
3812 11247
8418 13195
2169 1764
10499 8765
7597 14933
7308 16032
16384 3223
17238 9505
9639 17576
17726 11202
11559 1788
5452 1940
13859 15457
7399 742
1170 15130
725 17475
11508 392
8358 6813
3290 12460
7464 6760
13661 12713
461 4152
8235 1723
17828 16513
12109 10129
14427 14043
13225 15650
8822 13928
16496 12032
3929 6841
5546 17277
4613 528
13168 2161
1897 6234
9257 6166
4624 7059
4022 12920
10757 10925
16371 5496
15054 8840
14167 10692
14402 12301
4057 7318
267 8717
14083 3469
15074 12707
2807 7904
1758 3006
1835 12681
11082 11812
3274 6176
14540 1740
9727 3291
5827 8759
4240 8031
6921 16906
17176 467
7051 10834
1606 13714
9159 17109
4557 10842
3613 3091
5372 12745
16821 7983
9949 9716
11102 13623
6909 14612
11068 8385
2263 10428
16812 12458
11099 2003
2202 10235
4344 9726
8289 4283
12000 1053
16179 10797
3299 5542
17804 4069
3054 1245
13301 8138
17846 17220
2434 1931
5888 5425
3902 1048
2254 4745
6578 2433
16433 10202
1082 8832
7073 3659
11355 16203
5577 13972
1762 5737
11925 16336
13899 7844
17102 13667
7778 16747
10474 15692
4704 4266
13075 11501
11207 4656
2078 10821
17949 3774
11330 16216
6018 2397
10631 12601
17910 1111
5109 11564
15482 11214
7914 9307
4070 9937
753 4699
8948 4987
10263 33
9110 4162
7529 1355
641 11654
11908 6771
2472 2712
6496 505
117 5075
2034 8287
14877 7962
12535 6581
3177 14744
9298 2802
17800 3018
15209 12500
13358 16765
6226 9696
8078 11333
15456 13990
16571 11993
1619 17112
13876 4390
17353 17456
14458 5438
5988 16047
10453 10421
4246 3081
12001 5017
17142 388
8817 1736
16970 13624
7342 10581
5458 8957
6370 10751
5003 8670
7011 12381
17044 13882
4577 6530
3473 6203
8010 15960
8454 3756
8002 14343
12954 10855
7554 15389
15503 13458
7279 7223
4618 16956
9292 2526
3580 14195
17693 3016
15487 10964
7915 6763
14401 10257
10416 7143
11821 8934
9722 14644
15532 954
17922 15694
17621 12562
3114 3514
4939 15469
11298 5696
16928 4350
5238 16190
11259 7124
14067 4442
3658 4896
8342 16367
12820 6343
6506 478
4196 12883
13208 4453
16176 14221
15655 17426
15926 12620
13067 3781
329 13712
2813 11539
11782 17558
17496 5587
3666 14830
16335 14424
9724 12791
10605 17957
5745 6851
2467 13648
17649 7164
6974 5213
12427 3149
4324 11438
6306 9873
12431 6505
13938 5647
11474 10613
5233 7328
8916 1919
7130 10762
14210 9975
3143 5250
253 14446
10273 4696
1542 14325
11405 8258
4678 9770
3870 14019
16463 7824
12206 16276
14976 5285
9510 11360
12802 10752
15636 2173
17503 14862
6283 6966
14174 14403
12318 5889
13490 10924
12283 10859
15932 409
6209 3750
5272 11568
15927 5592
17087 15796
17502 17239
7094 14060
1235 8915
5196 17975
9638 14156
5179 10667
16273 9962
5388 15607
5870 1591
58 17912
7687 4713
3632 16254
3134 14408
17081 11320
4095 4060
14776 3882
15043 11492
7422 5849
12852 1623
3320 5392
11486 3298
16406 7247
10301 8308
13991 12518
3640 16044
5900 7639
15344 13781
15086 12564
8378 7583
11285 1112
5952 4221
61 5251
3848 15582
9456 458
9169 11433
1876 16957
692 4251
16578 15501
12661 10641
5155 7716
10563 6468
8212 8781
15244 6672
9467 2396
16089 12586
7015 4155
6962 13522
4902 2605
629 8969
13743 17735
14024 2542
14872 6449
9070 14148
15180 7101
2677 11181
5261 16989
11096 15488
13451 7025
3495 10193
15421 17547
11918 9099
5840 8058
10185 17976
10467 16703
14832 11089
8182 5314
6904 14385
3693 13565
13523 5973
7829 13881
8047 16716
17457 17980
15167 1523
8529 3532
2099 10048
1121 7435
8271 4599
5222 635
13659 4363
15248 6515
418 5434
16489 8484
867 14892
16664 11231
9431 438
4788 12983
11558 4659
9468 2490
13480 8266
9402 17480
2368 1747
875 2210
13214 13464
11692 5899
13575 5874
4742 914
11237 3499
5515 6947
15516 6285
12756 13943
16046 17943
4029 4406
6584 2014
12027 12542
11479 5347
15313 4389
9399 1050
1517 16636
14730 6445
2623 14574
1543 6049
16475 10813
3351 12090
15794 15969
4534 16801
17349 16888
6221 2842
2066 17285
2497 5311
14921 14709
13094 1877
12199 9190
15724 10191
13423 11593
5466 1133
15551 8356
8097 16708
8336 2643
3105 8024
653 12440
2058 2181
8462 2736
7274 7177
2699 17442
1308 16115
15673 10010
13545 915
12950 9408
16445 12084
16074 5523
322 1149
9535 7103
15559 14861
6565 3242
2016 9341
9614 8403
3713 16534
13331 6832
14481 7235
7298 9239
988 6877
1043 8985
5801 3789
10436 8812
6257 13248
15686 16436
761 13662
3890 16802
5320 1987
7363 10865
11495 14997
4366 14363
16140 5567
6050 7736
14725 6535
9513 13196
15561 1792
10332 1301
15844 2875
133 9868
14097 1263
2367 10144
17328 6080
15107 11687
11984 7292
9102 15335
8864 16484
2938 15146
7571 14420
14765 8176
1039 16735
11451 7085
5257 13509
1494 16020
4964 17552
9884 7937
6831 8243
7351 2492
11544 16402
3933 6059
4249 11021
6821 6453
17095 15635
3817 10285
3769 8616
14941 7236
7704 994
7557 6544
3162 5855
1929 4481
10881 7451
11700 7245
8227 2851
12736 7286
16279 17599
17270 13304
5137 15883
10611 1399
10879 14289
12222 15489
5477 3391
14374 15021
15942 1282
1027 9187
3729 8404
8569 1152
3359 12807
13835 5124
8014 11803
15630 8001
7866 6044
4953 8245
5441 17701
12278 12662
6031 382
2977 14668
5554 1936
16304 14796
413 14220
15280 327
17991 16560
9810 15755
5985 12746
12272 6026
15822 14126
809 9200
17284 9892
3224 11574
12328 14679
2172 15898
193 14499
2756 1719
9109 17253
5417 2462
9827 10028
8615 11185
3746 16333
950 6345
13068 6213
877 1871
6434 9940
2653 674
16189 5606
12473 66
3639 2375
11233 16587
17255 1755
842 2298
10164 10513
15887 15643
12129 9470
6657 5762
8813 4028
16162 2669
12671 15261
7353 7159
3133 2632
1568 2519
9322 14588
17323 17160
6001 10484
8954 7327
13840 17029
7307 9148
6687 12978
837 1633
11635 15832
12174 724
16105 8820
12830 11284
17945 5490
1918 1370
16740 17189
11758 16136
16580 13497
12456 13433
16284 4934
8111 373
6376 16877
3095 3454
12079 1984
13254 9980
16796 530
6281 12276
1601 9584
1428 1385
10963 7593
12329 228
11013 17712
8136 7734
15795 2481
9992 12538
12975 6503
15195 4603
13116 17738
16851 15877
6746 4166
425 1927
14794 16087
7975 12346
5150 13350
5942 3364
907 7495
13532 6864
2203 10773
4091 13799
17354 3407
2772 2340
6389 5532
12237 15800
5865 11916
10553 13108
15033 12688
912 7641
3573 4508
2980 9227
1188 16217
1406 3686
17314 11809
4820 6737
5752 3265
1292 1867
2168 9591
15733 4755
9498 9082
8194 9331
17856 1300
5599 16792
4860 12217
4288 9757
10398 479
16825 12089
11629 8527
16857 17121
10251 803
10934 178
14975 7913
4412 14525
4524 2917
1863 53
5610 6891
3409 17782
2312 14177
11652 4685
5106 4660
8061 17821
11940 13758
1701 4473
9817 9914
6562 5386
5551 2223
3894 6452
6721 11991
7510 4006
7523 6261
12659 4767
9032 9531
8642 15522
12958 16062
3065 10406
1150 9767
1589 4088
16710 17545
11094 12804
14505 16194
10243 16106
8083 7860
15132 14389
10652 6169
15414 3997
13753 14642
17074 7484
13886 17445
12817 9732
15882 511
4971 2155
8050 14305
1960 14466
7550 8621
11695 17366
6053 14916
6068 8299
7047 3017
13660 12395
121 17105
17080 13880
5793 6880
900 309
5499 17711
10161 4356
8900 17194
8592 1628
3277 12674
9633 132
2229 9025
9597 14899
15914 2084
16078 10207
9466 13823
672 13960
16950 1011
11530 7217
9236 9557
10217 7961
4084 5416
3053 12010
687 8100
12837 1759
1898 12185
16510 1552
13510 6403
5489 12164
14865 1739
3205 4776
9796 11323
2004 16930
15442 9846
9138 3912
14614 15928
17228 1796
12520 15922
11215 4602
1166 9833
13426 12026
14873 4039
3040 12323
4169 7194
16043 607
16681 16014
8152 13678
17574 854
3294 12400
15973 16848
1926 8662
16883 5615
6109 10916
16879 15994
17832 11387
2890 16063
10661 10150
10236 3303
1421 12848
2909 414
2337 6419
8246 4112
11877 3618
9197 10128
4976 1976
15478 9989
5142 77
539 13093
2033 7775
4642 12054
7525 9471
3433 13824
2997 1071
1689 14629
17899 7960
13854 6311
6996 13438
8250 7895
11824 1906
12750 4184
16111 7477
3608 13942
12435 9438
13186 17229
7206 1696
8737 15404
9096 11971
9238 14171
6808 543
17624 16872
9493 10976
737 9462
10292 1594
15766 16301
675 1454
13557 1369
1643 2473
3647 7654
8665 6563
17850 13552
1176 5906
15338 8101
15258 17908
13345 17628
13160 16351
16831 17278
855 5856
15049 320
6033 11515
2284 7984
10850 15542
9999 14640
3307 3556
4190 7312
1582 9176
11595 6675
15004 6560
9955 9149
11808 16061
15321 15648
4667 12794
1375 4235
16814 7002
7580 14643
3258 9619
16803 2576
15863 4501
4243 8341
14735 15827
7926 1419
3252 926
7782 13734
17293 13488
10188 3318
898 5787
7559 444
15163 13407
17827 16438
3147 2346
14383 625
6531 1597
3645 7316
10975 7114
13701 14460
8429 11187
14455 4583
16225 6589
5336 8587
7343 6106
3558 2857
240 12198
16344 17283
12643 1181
6148 13696
8344 13894
7471 13231
2052 15934
14321 7149
17839 10222
7289 2290
3220 402
1486 11952
13157 3775
3146 14077
11852 9964
1258 7494
17317 2687
12383 10425
4037 6458
6669 12042
13864 15137
17634 8901
16156 10544
3649 7617
11156 15498
10111 14748
7647 4081
9987 6165
14780 7146
14006 11131
5243 443
15136 14825
10736 10343
11817 905
9889 9839
13553 6119
15356 7859
7784 12189
9104 3741
11601 1700
8431 14760
15474 13156
8589 8760
1131 1461
3744 9586
3668 947
1354 11518
17796 12876
14552 16518
13912 12762
7120 12356
7771 11900
15267 4911
15419 17981
420 13773
16641 9319
14635 2601
7243 1323
7420 7461
14806 9027
17094 11226
10184 16467
14548 6801
9596 7439
10437 3442
13236 11739
4154 12658
10345 13993
14194 262
218 12758
17409 903
12921 2138
6318 11157
15835 5562
14750 13547
9821 3867
4434 14093
9306 14115
1215 2773
17133 9885
8745 15027
508 8776
1497 12710
225 804
11762 4043
3662 12374
2316 5348
8267 11550
7171 15517
7735 15192
12295 16847
9603 3001
8602 10489
16181 1098
17604 1485
9263 331
9630 3614
9660 12676
9039 10527
11097 11681
13159 7144
16291 1207
5834 6288
12815 9075
17676 13028
11516 9444
7754 4035
17225 15727
6902 1423
6624 8057
13415 8380
13583 17520
3947 6054
10543 1603
15738 14841
7545 16840
11784 2755
9037 9229
16439 1057
15566 5930
11446 16100
11148 8446
4770 7013
801 15366
1115 2461
336 15915
6267 3229
14232 15392
3999 4156
13721 9476
2783 16430
3174 8305
10782 7257
13271 11008
2806 2111
15708 15184
10982 3396
5527 2351
13329 3695
7172 1158
1487 10769
7263 9396
8583 7181
774 15683
5835 13030
8766 6249
7010 8896
12892 8130
13437 7602
8030 16598
13327 15242
17594 6634
16604 6051
2993 6781
11168 2297
11274 7927
16919 6300
4913 16520
15108 8788
4170 16672
9116 978
2270 15117
5875 11030
3402 17184
8124 15578
14717 9043
12197 16933
10944 17655
9800 13289
7517 13599
1488 12413
10623 9228
11589 13404
10189 9563
11177 5380
4013 9153
7220 11485
15743 1742
11338 5254
14207 9798
17141 4197
11659 14391
7032 10568
16526 16180
4394 16873
16965 4378
14805 11956
11575 5991
14300 7807
11351 16213
17190 2264
13462 5266
14842 17891
9063 15071
10706 13010
11499 5391
6440 8815
12083 13434
14875 8753
14252 8861
10146 17242
12215 9196
951 15166
15236 14628
15476 10037
13658 16533
13590 6521
17411 15214
8870 11610
6572 4408
10983 686
7358 11528
13631 10533
9182 776
596 8992
11016 11029
196 3839
9255 1284
13542 15087
14590 15874
504 17705
6335 2215
9530 13446
9623 12869
10683 8597
9045 17485
15634 15786
15459 4457
3806 6188
16675 16701
16591 16455
5006 580
12404 4109
11811 16034
9049 9395
10927 762
8279 9044
8959 4417
5510 3623
56 1279
1241 3731
15390 9304
4106 10917
12420 8572
8334 17296
13562 7788
8941 6024
15730 10391
2804 13736
15070 13205
15530 7125
17928 10801
10315 2575
5446 10211
14579 15706
4141 2863
7361 16121
861 3341
13862 15215
11149 10519
12751 9461
3821 10210
8962 11394
5337 14033
14030 10740
16107 5978
7891 13849
2639 14545
6689 8323
8516 2722
16228 17196
597 11608
57 3279
16565 538
2927 1773
3450 17144
10955 2590
246 7806
10700 6761
14136 16130
13649 4621
11126 3032
17226 2192
1344 17967
3627 11292
10245 2714
7141 12495
6936 7560
2642 4923
6768 17115
8729 5975
14958 12165
4533 820
6683 9185
308 11767
5635 11665
17063 11975
6446 10788
6676 5797
180 2175
15124 12224
5135 2255
16152 10959
2464 14415
2794 17066
729 10552
8605 311
512 107
1238 6341
12763 4308
7795 12134
14433 11626
11827 5334
17666 3830
6910 1630
9253 475
11838 9184
1682 14960
8207 7077
15468 14168
5426 2674
9886 5539
15002 7092
4174 12565
13974 3429
13171 16706
6520 8865
11777 11944
2881 12091
1995 15987
738 2539
6279 3661
8584 12587
5244 15749
1798 8557
7521 3470
10531 8174
2087 11411
10378 2824
1418 3768
13672 15264
2782 14248
3589 10314
305 16686
14719 1250
2744 8735
8686 17950
5916 4102
11645 241
12177 11110
14152 3819
3968 7988
17131 16492
11709 6429
4261 15092
16661 9305
15301 17870
13574 10356
3785 9837
16975 9245
3181 17020
2976 16679
3404 16525
9042 12795
12874 10687
14292 16375
5704 5232
12959 16021
5058 2469
1663 17111
462 1653
13671 551
17869 17090
13609 13237
2413 14025
5826 12200
3076 14413
14965 2510
16399 8723
949 10770
2279 7180
12013 6934
5785 8630
10295 14597
12726 3182
0
