18000
4593 15027
6717 1600
4953 9687
148 13934
16106 1664
12639 15437
15548 14755
10166 17350
5706 15610
13226 11582
3588 7384
1848 15540
14824 13535
4300 17480
1515 13571
17879 1056
311 11210
10248 16913
9209 9662
10549 11985
13238 8401
4693 6729
16667 6389
15760 12429
17453 13815
12416 10566
16770 13260
2765 6807
9465 10243
9917 7365
14293 15477
11852 16343
11008 14459
15178 15031
17685 5569
7489 8079
15465 266
1632 2741
3780 1178
1466 2261
6095 12881
5231 3895
2255 1872
11076 8132
14508 12078
1993 14014
7099 7145
13568 13390
12081 5754
4717 6471
10594 14360
8610 1442
4710 2981
1873 143
6470 6703
12288 12774
9919 11080
3557 5415
14209 10916
1331 17171
6371 6085
7941 3405
640 4696
4954 8001
12532 12270
36 15577
6671 6422
5524 5768
5448 1756
6831 13523
2207 8615
5111 15323
16733 950
16811 13554
12180 13765
5928 71
13392 572
15018 11616
13540 13680
9000 8370
7666 6074
17578 1587
3190 17351
1108 3541
709 7033
17696 6761
2522 14734
2749 13968
3693 1388
64 8516
10459 9039
6036 5773
14256 15775
10382 826
8014 189
6049 5442
17001 10991
2420 1540
1862 16014
8403 1972
16452 8767
16598 17202
10529 17974
7673 15088
13873 3220
11458 17959
12955 8880
17494 13351
3114 11112
8034 11414
6126 15999
6055 6958
9109 388
11449 10691
2358 9786
1696 6580
10477 16502
8594 15917
11486 12835
597 53
1473 14169
10207 11599
13768 15033
11447 9656
3742 17762
3732 9966
35 3667
11995 6575
367 11865
15698 3933
14809 1169
1102 12923
5342 978
357 451
755 15896
12600 2279
16680 8232
16422 7077
2303 6206
140 3060
8431 13240
16809 7637
16532 4288
5902 9728
7265 9871
14732 5791
17811 3323
12975 17341
5110 14759
16623 12556
6793 11251
13587 15713
13745 16576
13422 396
2453 10891
2227 15095
13916 14992
6329 3272
17234 7065
10928 12527
14756 3211
9953 16726
7180 14205
505 5744
9648 10266
14088 6215
13359 14212
13970 12808
13112 10258
8523 8209
3149 15157
5707 5428
2713 17964
17884 11131
12236 16994
11570 11867
4175 14365
15464 4337
4406 15352
3450 2737
4928 16934
6265 15706
10821 5300
4776 6509
6318 15597
8759 5908
1885 16826
14011 17352
3897 894
17339 15864
13521 12766
8704 4134
15582 9635
9493 1619
1925 2050
10816 1210
10725 13011
5550 10420
14782 9898
5419 6350
14539 3111
12936 4360
2878 1226
15480 2011
12084 4667
4032 1068
4096 12069
3473 10740
8827 8234
15889 1883
8728 10898
14154 3744
11763 16261
1737 5682
2701 11340
13358 1783
14963 9185
12574 9211
10144 2703
1347 1132
9534 10277
8466 16523
10397 14538
15972 7478
326 16336
17053 10275
3172 6421
501 4296
10511 13669
16326 11969
16288 3854
4968 1397
7675 10855
10071 14468
15253 58
16206 15552
11379 8698
7626 1623
16550 7844
12822 9668
10931 680
17618 14542
1249 11919
5546 13345
11936 4478
3039 1079
8732 9138
10905 2262
272 10729
7627 7137
10434 16297
13093 1574
15931 3296
4689 5493
6535 6527
15656 1457
15680 13432
15623 10490
3306 14339
9031 16591
11017 16396
9401 2501
15008 8828
1721 7776
4222 7564
2450 5329
14062 8723
16213 8058
7956 16592
16005 186
14830 14990
6308 2449
8995 15498
8229 51
14206 3171
17952 13602
14167 10925
1935 6948
12719 3196
10177 3455
8950 14973
8584 6969
17187 10393
223 1724
16710 10472
14653 14092
7189 4092
11848 4947
8363 10943
61 6758
10783 167
812 7279
6387 7927
17102 8312
16924 17135
14667 17558
15822 5515
1477 16351
2548 5331
3428 1
17012 7777
17573 10058
11137 10697
3097 12290
3231 6913
10110 11735
5352 9536
14136 12636
14035 1781
11607 8673
16699 9911
16822 2131
2781 241
2892 10398
17383 17515
13454 7499
10112 10096
7427 10771
17405 1458
11028 5317
17380 11856
7402 15006
10183 7558
17664 15754
9670 2996
2618 15485
5654 12002
5889 7038
6690 15865
15764 15600
9438 4859
4899 2165
17870 3866
11795 2654
886 6596
8508 9307
1504 14877
16531 9535
2068 3858
273 3137
15450 14079
10921 17677
5326 5608
15970 16717
5927 3704
10090 5440
11344 13620
5378 3960
12706 5812
10741 5857
2171 1206
1710 5557
7991 3338
10296 10736
11960 7829
17227 1372
4515 6716
3301 1208
6721 8151
6270 7733
6111 12422
9048 8621
14375 4561
16766 8080
3394 16522
12486 3343
17612 2339
6725 7901
11685 7381
192 1067
14270 8916
2292 6921
970 11254
15679 550
1778 13416
2246 8848
3410 13396
10831 1310
12307 4316
9408 14823
2910 935
3801 5667
4126 8586
5864 13103
8300 10790
7057 17046
1570 7812
10676 4455
7309 17069
3176 3250
5418 13386
5613 14885
1790 10795
3465 8102
378 5069
1114 15459
12327 4320
13184 706
5650 16125
11424 10547
7417 6578
7893 14100
9578 7487
17031 1599
1500 4261
12797 937
16962 11027
16886 16224
9449 3325
9537 1840
5755 12782
9132 5026
7649 15435
8703 9863
15487 8027
3374 8021
3765 7292
8946 3666
17004 10499
15895 12132
16124 9909
2254 7670
10976 1602
11223 11470
2186 15401
2247 13188
6087 17179
4878 2747
7600 14753
4874 16485
1201 135
79 6003
9846 3818
10120 2534
7508 14297
10142 6564
13668 1002
12906 16989
2631 16624
746 16587
4144 5450
13810 835
8650 16725
7209 8421
11494 9463
12351 2549
8367 7177
4674 9873
11937 1564
6612 14428
7 7808
339 4008
863 8315
4492 2527
4346 16573
9624 11332
12252 16597
1257 5516
14275 15115
3911 322
5784 957
11407 520
13759 12440
9299 4849
16481 10647
16187 12791
13594 336
17543 6959
11841 17771
17983 5954
11265 17452
5318 4348
1429 1635
9436 14138
10494 14902
9558 14899
2458 7163
9830 12279
8212 11172
17981 6859
8762 9443
17942 15252
11038 14146
952 3388
16645 11160
17107 13612
12810 1211
1722 373
8045 6327
10354 12244
11143 12222
14355 9642
15875 4489
15416 14496
16840 9481
1536 17555
12548 11272
14158 17518
67 16973
9387 10945
5299 16142
13583 10294
13755 1238
13950 2295
11610 6035
1078 5558
9404 8323
16068 6867
13949 16497
17415 16649
8231 2762
9437 17826
15490 8355
4417 15128
16879 8320
13826 14391
15120 13127
7236 15243
8238 521
14792 5593
15030 7795
10411 2786
3013 4848
9742 13744
13340 15981
17869 854
9851 12439
7231 13867
12248 4969
9870 17898
16995 4808
7003 5504
8167 14174
5202 12361
17178 1652
4753 8065
6755 4738
1307 6528
7842 14317
1854 483
8507 12477
3324 15219
4373 10800
17104 4528
3150 17522
2175 6059
12785 16782
8623 10822
7500 10362
15298 13261
4836 7472
15910 9074
10247 707
10593 6365
6683 16755
9819 12085
11945 14822
8179 5475
16916 3892
12067 1877
15734 3607
13068 8052
17737 6679
13440 3572
11872 2056
11154 15077
11078 2434
13393 10264
11663 15353
7264 1276
9752 13192
7604 2439
11994 16696
14191 1654
1748 2736
10919 17264
5254 13208
4046 6967
12257 350
17941 17177
17940 11881
4639 6468
2907 8645
12740 15218
3463 8786
2065 15956
2209 10197
16540 9420
4501 17147
15303 2832
1394 5143
7676 6393
13858 9223
1973 9274
15404 1535
7103 13703
13431 14058
17247 5484
2571 5167
15618 7379
441 12051
1461 1986
14113 9949
12666 8276
1832 6695
7261 13362
34 8795
3885 4331
4404 16683
4711 15424
6600 548
6898 9947
12922 9397
13585 5827
10147 264
16020 705
9847 15585
12317 16505
6760 8641
11183 2775
6972 12134
14605 3814
17251 7742
16274 12195
8178 6742
11591 2462
7407 113
1611 3968
12716 103
2822 14995
12790 17708
10915 10365
116 12544
16781 10850
2870 14687
1377 16866
9987 12943
4262 7054
16330 12867
13162 3709
8377 14908
3002 14729
12938 15117
13224 12136
6808 8955
4640 6799
2212 11075
11400 4040
16486 9849
15079 4790
14388 12656
16816 11660
8428 15159
14228 3935
10469 391
12188 15705
1747 14175
87 13647
5129 9236
3055 2490
12198 4721
13666 5548
7702 9565
14368 3506
17105 6117
2933 14109
7832 4649
7753 4812
5894 9700
1246 13824
6375 478
12660 1593
12247 3673
12571 2429
5720 12482
9726 10436
8894 14352
2368 15687
6516 137
8495 5273
10010 16255
7007 658
16453 6089
5732 3198
8748 8940
10978 754
9302 1272
11927 10889
4706 16671
2511 17308
2531 1164
16620 6712
15525 16030
1476 6414
151 6289
15119 17003
5430 8334
410 11715
9012 2780
6233 12552
11703 12709
2500 14975
15130 15093
2568 11507
9372 324
15164 3201
12987 204
1544 2479
5417 11771
12596 11830
8927 14012
15978 7915
14976 3712
14156 11187
5748 10993
15912 1253
1745 12685
16384 5930
10572 13200
6806 11784
12474 3544
2095 11166
14939 11093
7739 9812
1980 12860
15276 5647
15908 10877
7355 715
13328 13078
17581 15997
728 13610
5990 9930
6190 8301
3813 7536
13747 9252
6094 6450
12659 1952
3205 16619
14015 6933
13686 4700
7530 16844
8722 3241
1333 2118
7436 4679
3763 13079
1847 7258
2688 1767
10522 17257
4312 133
12237 17436
13125 1866
1295 17465
12974 14090
17913 10680
5614 10801
8793 3779
7804 10955
370 12892
5509 15787
2168 7113
4362 7639
8686 11284
423 1742
1944 6357
7824 6614
4853 13547
3994 12447
1167 7202
17670 7719
3457 78
12657 10625
3714 11571
9468 7125
10517 2417
1949 10004
3011 11508
8530 3717
9882 4445
12403 13141
2014 2446
7226 13933
8843 8614
6697 6169
8980 4420
12161 9778
2975 15302
17391 16161
912 3328
12995 12697
8797 3942
3067 9294
15478 8661
8519 11167
16169 17403
14827 17705
1218 4115
3925 13550
7725 16796
15718 553
11773 7359
2239 12958
15461 7531
1274 14738
13887 157
8850 2099
11899 828
13005 8936
15358 7419
6646 14279
8674 9383
7169 9206
5851 12518
2750 1121
4113 10184
16869 1241
8476 13681
2985 7731
2913 1713
1694 15949
881 5672
12956 1463
4530 4847
5554 2681
6555 10861
4329 3867
13557 1960
11938 11209
16744 14854
2381 4763
11368 11242
7237 11719
12904 10630
93 11638
42 120
262 13663
3193 8253
13638 6219
16965 7553
11724 5589
16843 13323
9013 5799
2387 3238
15936 12319
11629 6363
10557 8566
11442 13816
587 667
8790 660
1521 17173
1350 11621
11769 7869
13050 1891
6225 4712
6945 16914
10187 342
2834 13299
17312 5626
13979 4353
16635 12097
13599 15364
11148 759
8222 17684
3123 991
15402 7946
5315 12710
8794 16839
3499 6896
13996 13417
6643 4086
17280 15336
9090 7916
860 10475
5868 13886
6353 12726
8989 742
11248 5792
9781 2894
3265 2702
12817 5052
16147 1413
14509 11987
5166 11559
11617 7130
14958 6114
7810 12089
14645 219
1687 9006
575 7717
10513 16370
15216 3021
16642 8658
14405 4617
4560 9284
7996 10753
8819 5854
961 8340
10892 7034
12168 3144
11892 9482
16013 12968
4051 7646
12749 15124
15153 4306
1456 9163
15832 14843
2447 2818
5700 2971
2388 4672
2924 9837
2428 7097
13726 17629
7997 4754
10668 16885
2677 8712
3973 319
9386 17955
2211 318
4951 2151
3505 9961
12646 11875
4216 8944
4398 3279
16960 757
375 17127
3494 17872
525 16495
17676 3333
14953 17562
16091 2051
12530 8834
15606 2837
730 10364
16259 3320
11199 14723
6042 20
16392 14941
17463 17172
7441 1119
2430 12255
8447 9152
6570 1422
14237 5811
2797 2968
15071 12320
6433 930
974 12865
7854 9251
8583 1852
6574 7656
2660 4138
9179 84
8514 8118
14359 13945
9957 1150
5294 7383
10137 6299
762 1671
11707 10700
5020 3979
16150 1212
11649 4282
302 6640
14519 12857
12200 1788
9331 4088
9601 7740
8144 9116
4099 4146
2273 13411
12952 15451
5106 6545
1029 17892
17283 17731
11074 14211
16293 11627
3194 12019
16303 14872
1416 17809
16638 11425
2640 16823
15722 10746
6917 15442
8991 9684
12419 4271
13251 8269
12242 4737
1841 15669
2240 5962
11043 12091
14380 14679
9268 852
4996 2020
14770 6196
12260 14422
780 5859
11319 5929
13851 5173
14198 12499
16174 3357
9876 16881
2735 3438
10167 7823
11084 3764
9999 4345
8603 2223
5866 15704
4414 6685
11158 10369
3816 9912
14112 16135
7116 14245
1836 16815
8773 1003
11832 17871
13407 11102
6228 15407
2537 14578
8099 8928
4591 1118
3947 1774
6804 13097
16144 12712
5843 15116
12116 5016
12515 12819
12350 16070
4195 11729
9543 13991
11619 16681
5399 1830
3009 3689
17050 5092
1045 9750
15261 3878
9336 1359
15002 17671
898 2643
5983 4828
8590 16947
8891 13356
954 6966
7899 6319
1306 10447
6 17592
889 16172
2980 4802
3922 7259
17357 8106
844 9885
16236 17296
7047 14147
13113 13634
2547 7817
5507 13494
11978 15701
8919 2491
6912 9021
10227 12169
3099 12997
15877 10596
7516 537
16728 17973
14120 17895
12378 11095
14452 16196
4486 16637
4647 5818
6424 13320
7532 330
17375 5464
3179 5190
1919 12444
8738 5156
2974 16575
15984 1229
13087 7529
11900 5370
15301 7473
5798 3118
10468 14684
7362 9486
1864 17796
9010 3077
16063 12052
2722 10181
11807 431
1139 2040
4956 1427
13943 7514
15587 17741
13457 5575
11718 14852
10818 882
10274 10337
3569 11088
2474 10448
15034 15629
12454 2286
6156 8683
12592 5814
5685 6029
7910 4686
17674 13027
13469 221
450 1452
14717 17088
17557 16819
5359 15423
2814 15717
15712 3050
5722 7482
17648 11749
9038 10218
17840 12977
1591 9312
5197 1354
4326 12901
4003 3874
138 184
14636 3209
5566 9779
7114 6883
4537 16682
9526 12970
17746 12805
15751 12918
7855 10601
11961 12418
9903 11813
17608 10489
7233 6770
11222 9657
12301 4364
14280 13478
15716 13865
4652 13882
3955 15138
12643 2579
15568 5737
2572 15078
11041 9419
9522 10306
3313 11376
8755 8327
9800 2509
11123 14874
6056 2393
13134 3849
14255 4958
15398 9410
11673 15545
15024 7090
517 17017
12059 1615
9473 3736
3604 924
11921 5518
5424 7368
16461 11998
12488 997
6995 6505
15800 12393
9505 10480
2951 14047
11949 6624
12896 13124
16185 6715
2182 1955
9416 15729
8501 10461
12171 11550
8294 3518
7636 15591
7078 15050
17167 2045
10233 2026
10109 1417
1094 5905
14289 9175
9064 7287
13189 15021
3056 4097
9452 15863
8765 5895
3462 3318
10234 12435
15699 17048
16498 16487
16148 14086
9659 2241
8802 11932
3883 5643
9199 11504
4284 13764
7755 11678
5512 10860
1486 11742
6496 12637
1373 1435
5436 1551
17552 17753
14229 344
14905 1770
5250 12980
8171 6330
736 205
2063 2233
10033 9460
16737 729
7825 9178
11258 17767
332 4646
9570 2798
7589 10263
7044 1009
13459 13098
9547 11309
6935 3334
17235 2150
1897 14647
8725 12111
12489 11868
16076 17541
6581 6888
13218 4959
12663 1269
7928 9131
13861 10383
14135 8103
733 1402
10947 14644
10048 13365
7761 8719
8423 7883
2013 2304
13486 1530
17500 3929
13252 5911
15631 6345
10817 920
15782 12846
2265 11390
14766 3274
16856 8677
17854 15732
5410 8573
12245 6951
445 12206
5476 12683
5945 15616
9754 4601
14694 9348
384 11552
16365 958
16697 3083
6287 15868
10751 8046
7494 5269
1379 2694
15063 1313
10432 6946
7512 368
16788 10005
10202 4106
2073 3958
12580 1763
10607 1784
9776 13712
15111 8529
6963 6522
14506 15788
6332 10356
2622 8157
11329 4403
775 2142
11716 5356
16320 15561
10683 4813
16786 3906
1215 8580
5641 6063
6525 1938
10894 12616
8768 3066
8696 3490
8077 15370
4416 5099
7898 4842
14651 3311
10531 13727
16489 1031
7157 11553
2139 9611
6251 9025
10262 3316
17563 13506
14451 6020
11164 16444
726 16464
3756 5817
1655 11259
16016 1300
827 8497
3500 8264
3337 7323
7188 16750
8513 11451
14588 12737
5777 15823
5586 8889
17306 12229
6928 9765
5050 1786
17319 16155
5239 12909
11588 10015
2601 92
14691 8107
14518 14631
4910 7920
5837 11109
7750 15449
13797 15530
16035 6986
1187 7247
4946 12469
5281 9808
4843 16332
9925 12417
13976 14625
9081 7738
13918 1235
13605 9753
6708 747
15927 16650
4158 12795
8791 10654
5825 3832
2653 8146
10563 740
3610 10
15675 12020
6463 7176
650 9089
1213 5336
6482 5883
10078 4884
3803 10663
2070 12761
6938 7310
9983 6762
15360 11016
13013 9065
16665 7783
8973 17097
16772 3918
6148 6300
4165 14066
13423 6853
12593 12203
2538 11472
8416 3286
12421 8967
11975 9897
3645 15857
2998 9244
14876 4896
9483 5108
9606 17774
16096 6263
10429 684
11204 17024
2365 4188
16604 10334
2751 3332
1744 343
17293 17418
11914 14540
13120 14232
5753 14627
15467 6180
4558 5903
3049 8753
3805 6302
11152 6395
963 3222
1242 9166
5670 17372
2697 12266
14032 2662
7960 1823
9731 15471
15666 2499
3507 9686
10086 10930
14257 8309
16348 3345
6790 10767
4198 13795
2336 4554
8463 11529
17368 1294
4466 9051
13637 13485
14881 8978
11001 13441
17511 11106
906 12086
13567 1734
15851 10205
13723 5153
5534 9982
11656 3054
11436 5651
7056 6484
6520 14436
14857 444
9235 9866
13331 4259
17482 1106
749 1462
3413 17370
17602 3982
16284 10852
1362 17236
11804 17493
722 13001
4488 7662
9691 17752
9373 8483
17961 1469
14250 4897
10592 3548
8505 4982
14415 8770
4929 3182
6086 9396
9840 3762
17444 9619
14923 12720
1910 15271
17240 17726
6191 13030
11330 4483
10996 4741
5853 8817
6175 9698
10827 10056
16078 6179
12160 470
6166 5671
5102 4893
12221 10290
15179 13022
15642 10106
13625 15263
2676 16987
14037 570
1754 12027
6124 6406
7126 212
6443 4309
15676 6811
14274 16958
10748 6568
11322 4580
12942 16286
5425 13436
12147 6064
5036 14029
15932 1205
9290 5711
13915 16676
14252 1815
2369 12566
9030 3081
2546 5335
13549 4047
6401 11217
14850 10195
4339 12610
8849 17129
16653 9869
11700 6931
6457 3475
8449 8280
15951 1601
11404 14326
14020 8639
3078 14200
3761 14579
6552 6559
13072 10698
16002 8333
5900 11918
9950 13553
13857 6472
16412 3224
9977 5205
26 15580
3476 8561
6273 6344
16360 4225
10349 7452
8074 3893
9487 11421
15950 10696
12910 2679
16584 12788
5532 8766
16166 4260
3107 12914
8245 3819
7480 13203
17785 11495
7313 14221
12318 9862
7018 12601
1700 3959
15976 13347
14076 17982
1658 12299
13790 9928
8164 11
13379 10410
1154 5282
14903 5947
14552 10802
16763 2704
5598 1026
8592 16848
10464 4844
4719 8287
183 8963
4151 412
227 12305
633 2001
3449 12769
16812 4221
2349 9826
10682 12359
11135 13473
15377 16468
17535 3939
6765 8373
5525 8380
6207 17473
12167 251
8824 12986
3380 11519
14680 2456
14898 9313
17288 4641
11542 130
9707 13262
1508 5201
12912 2270
8631 1549
16116 15930
10312 12921
6307 6923
6943 853
15384 12143
7806 7599
12109 6665
1575 10809
2986 1780
8742 13845
3913 3014
3418 14269
4830 8510
3760 17633
9548 5644
8812 17688
488 14281
14471 9103
11926 15625
16528 4343
3467 2923
4933 13935
6199 13803
9969 7623
15199 12394
13694 6554
17073 15202
11988 14386
12130 2406
12681 1360
10730 15738
11487 7924
2508 11785
6154 3423
4265 7446
12502 6131
2325 3551
16178 14324
13445 1686
5807 15163
3633 11825
14093 7470
15925 9278
1364 3372
5445 5764
1517 6242
4681 16942
2507 766
12591 17166
17298 13010
14559 6494
14582 14464
13075 5465
14131 9345
4634 5925
3365 15926
16108 13740
5033 17599
14856 7547
6906 1124
15035 12506
9115 14460
11982 8247
456 13254
4877 16692
1064 14218
288 3767
12149 1612
7340 3376
17499 15403
3743 3192
10497 1198
3798 17845
10327 10419
14300 2137
3944 16239
1018 10326
5687 5073
10226 9080
16754 13244
414 3821
14052 1839
3559 13292
6720 6370
4147 15748
7135 17949
13896 1541
9321 13748
16345 14864
10273 4193
3746 17947
11891 3148
12849 9664
17804 2785
5144 13527
2938 17905
7682 10598
5453 7306
15980 6930
15685 4661
15604 4804
153 8174
9424 9266
15955 1785
490 8668
10835 16729
13692 5138
6396 8708
14130 4137
17754 7580
17106 9528
15361 8872
15479 17987
17874 4745
13632 17295
3517 11341
7971 9141
2285 16001
439 16668
11108 14789
15491 11047
6352 2134
11266 14327
11393 5885
8088 5699
7079 16425
1768 10527
8092 16608
2163 3660
12148 5805
9975 7294
2048 8593
15768 5267
2672 6653
15947 16454
10150 16821
7942 10331
7328 8572
12814 11092
2657 16672
1764 3448
1454 2670
3369 11601
11277 595
11125 8635
2145 11754
7221 13076
16364 80
12437 2066
2257 1266
6466 4791
12976 10972
14532 8260
11144 14067
1188 8147
11509 11748
13958 2530
1177 15922
13504 17294
2805 5174
13615 2481
8368 5899
9879 17027
12813 17204
17508 7674
11917 11073
618 16281
10631 15746
10714 17398
6902 10992
8239 9735
8389 16513
2809 15708
13341 14101
7437 17061
10206 6523
9607 14217
16209 4133
12495 2296
497 9590
14947 6607
9496 13458
1699 10287
8205 5657
14223 653
2928 4949
16686 13597
15390 3425
7085 13702
8299 9105
17023 3092
16679 2221
250 16317
5587 17738
1810 14361
12933 6109
6696 2448
5622 9712
10453 7089
12399 6989
16295 10862
1969 7651
10336 3737
5369 7642
9768 6991
14628 16518
4233 871
1467 8689
6743 536
11401 11153
7248 8860
14403 3284
2342 17735
7647 9170
12075 9234
16964 7174
6677 14254
3662 17011
13603 1502
11235 3429
2835 4069
13131 13372
11528 15338
8393 9531
7631 12728
2061 12872
2505 5035
13689 1251
7629 11558
12448 10415
16230 4934
11665 10361
12039 10061
5385 16982
12756 353
13941 10832
10907 11983
13217 10643
15387 1041
4007 5783
3901 2435
13929 15158
12352 2957
7939 3294
15129 11221
5338 13306
15942 6381
17431 2545
7520 3554
3044 1202
8267 10158
2460 13165
12262 10238
2895 11632
2317 10148
8189 12781
3385 158
2017 2847
11934 2503
946 10859
12845 1231
7371 13000
7022 14494
7838 5277
9422 17849
13635 15588
2791 13742
14027 16086
12497 13518
11335 2755
2683 14575
12998 12082
4635 2234
3696 1559
2385 734
2216 15860
4626 586
5091 9498
14016 13237
15550 16025
13782 17449
10342 10908
2866 10645
2057 9227
7350 1573
7595 7620
4556 16939
10857 17161
13972 3512
13339 5549
17196 4718
437 14183
10185 4084
3706 11712
4571 16199
106 3377
763 5502
14979 1321
10470 172
10545 2362
7836 1643
238 15354
8198 3458
16673 10145
2119 6248
16118 16355
11887 17421
17672 4860
6549 8468
13960 3289
11907 8139
5688 16260
14779 9184
571 10236
5232 16730
8655 6551
7632 15456
10967 7303
11274 2885
735 4694
711 7320
17443 9439
16318 5986
17772 17292
16743 12379
13433 13525
7961 13823
9520 11440
290 7541
9902 16654
12675 15617
5037 9540
710 9716
15016 7133
4150 11732
14630 4453
16210 17305
16567 12661
11002 14565
16065 8108
15517 5989
11363 16835
17425 11577
6848 16301
8007 17690
7698 16894
15681 15013
7744 1582
10843 9683
13904 7486
13869 15481
6295 14608
948 4264
16292 17356
7149 9507
3208 10286
1762 17507
9288 4045
17824 7277
4562 16571
4786 10769
1673 14419
8297 14039
5796 10216
8597 5067
12551 3255
408 7851
17836 6072
7981 2097
13044 8274
12457 9139
9994 2883
13543 5702
3386 8608
3364 10597
7388 17273
13246 4889
12696 2024
4986 11498
8900 2790
14560 16925
8190 14758
11211 932
8651 7366
8467 16477
12263 13719
9821 5107
6015 6645
2477 12705
4322 14620
5778 861
12331 5926
13439 17239
13558 440
8337 3213
4918 2238
7008 8951
8432 7474
17566 15314
7267 4473
16376 4727
7563 3782
9720 2854
14938 14408
10111 17150
9555 149
4793 3051
13813 2533
2620 1556
6096 8404
4818 7911
11304 6676
4586 1546
6819 9762
16075 13186
7425 16634
13773 4351
6054 3153
6558 4759
8122 7884
12226 9599
15171 5249
4888 17747
14010 13653
10044 5636
8798 15266
12254 3125
1084 8500
9942 5572
2487 12153
13014 17169
1227 17820
229 8839
555 7879
17818 5427
13278 12870
409 4625
351 16514
3027 13199
14988 8286
17830 4620
14278 16713
3181 11308
15935 13350
6153 10125
15250 9447
17164 3600
10808 11230
8031 5841
16204 2308
14796 10519
1948 4244
1716 11252
14886 8020
9748 11524
5244 9073
5414 10807
8642 2600
12479 12113
1868 3102
7246 703
10510 3216
17817 8737
15441 5846
347 12764
14117 9770
9523 8925
5714 32
8180 4428
10520 867
14831 2483
14104 15740
405 3556
6877 12129
15324 13729
245 4477
7332 4778
2032 6027
14418 8730
14171 4388
9618 12682
8647 14649
16402 16893
1057 14351
394 15028
9513 3881
14892 7281
17654 1984
13939 12521
5065 13592
3612 6820
4829 15973
12801 4424
11177 14933
4752 16899
3248 2965
17653 1606
7373 17922
1512 9900
15293 13984
17953 6536
4529 4123
2860 5070
6577 15325
1395 1824
14564 8090
7664 10568
6253 5603
13480 3362
12928 14467
12891 1916
17622 3806
17848 5213
9588 8811
263 1624
15739 3592
2425 3904
5237 4892
10851 15133
13648 7240
16582 17304
10734 11669
11377 5103
2658 12256
7319 12644
17586 7440
8552 2960
8461 4527
2629 14554
11628 17248
6404 4367
4701 2959
12158 2719
15547 12752
4660 15126
16310 15436
10885 15804
1889 12430
6739 114
12567 9441
12572 2831
7274 13253
82 13080
577 4898
7771 7669
10555 15140
9491 10038
7485 13357
14523 248
6201 13690
3431 16588
11959 1698
11219 6919
4191 15282
16443 7186
4883 9181
12376 14561
5580 5295
14303 9469
4851 16769
10485 16462
2064 5858
15146 6460
9349 4535
8236 16599
16878 11815
12543 17821
13630 3751
3010 17580
3896 1782
15043 3415
10514 1670
4474 4246
10537 14465
4944 7692
9403 15849
2504 16912
7311 6639
13791 4526
5839 2849
12934 5251
9143 12408
13948 6025
5148 4866
6907 1633
4600 14802
626 6416
12100 5314
11920 11873
513 10766
3650 17337
7424 5782
9905 14307
17701 11690
7602 9787
11381 10705
6017 3534
150 17215
516 9981
12925 10667
14277 8331
8213 11531
8996 12920
12165 8457
16568 17743
4796 8974
11402 14413
9363 9326
2997 7863
12397 659
15694 9708
7168 9023
9292 9835
3034 3395
10081 13216
3615 5340
13368 17542
3558 17689
9044 14432
5840 12224
16060 105
2147 16167
6965 16537
9110 14922
14672 1860
4169 2019
14072 11068
1583 7251
11083 10739
8648 9193
1076 33
12044 3969
3768 11334
14276 16865
10370 6560
3090 4460
7341 13324
19 15879
1244 11188
781 7488
1090 15345
9005 809
7286 6285
10799 6926
118 17934
13636 3731
1035 3676
8068 15886
514 17131
14315 1209
7757 1977
6571 3138
5087 7518
3915 4937
5638 5159
17079 14819
15155 16753
15510 4200
12821 2506
7227 11303
13403 14742
7785 1478
14621 1879
17978 15019
9514 9615
14634 1989
5941 2188
13894 15622
9300 1907
10483 15690
5488 13167
9320 883
13874 7904
13492 5887
2979 7206
7665 4245
10325 3299
12277 3908
314 8726
908 16211
3537 8803
3591 534
7574 4637
9388 8131
2918 4619
15094 10039
15326 11130
617 12324
14971 13234
7276 16583
10399 822
12498 16562
15482 193
9248 6769
11500 17496
14847 2964
14761 8506
8911 16977
1129 7932
4858 913
1326 11537
7718 17890
6304 6316
13951 10092
5664 13827
3956 7075
16639 12520
9954 2067
6891 5637
4970 3167
4517 3147
6361 15533
1190 10639
15570 3245
6007 5389
11661 17095
121 1803
13349 1385
8471 11903
8427 10401
4814 4801
16719 432
2942 15989
17678 1880
17109 16417
14483 13985
4579 12462
15854 17902
10424 14725
15668 17224
12233 3132
9264 17791
15237 4029
3793 404
1182 4065
10788 8785
4658 15998
2465 7009
4811 12578
16820 4395
9617 1929
1691 13818
14585 2633
11044 17367
12514 900
12582 13115
9099 10811
232 14469
15152 14314
10610 1316
6730 6317
3287 13335
56 13852
3701 14842
14330 12205
15215 11705
13008 8627
16003 2355
14774 5639
8504 11348
16521 5217
7016 11935
11971 7797
5579 9848
12676 14024
179 3840
15109 9142
11122 953
9893 8343
13235 15564
15866 8342
1133 3963
17919 2468
4396 602
16113 5379
9773 1524
17519 7930
9457 1660
7729 15943
5646 14714
15696 5387
4315 1759
9704 1273
17577 8822
956 6428
12777 4772
10546 17302
829 3020
7856 1581
13239 6143
1758 9988
5970 843
2520 2513
5469 3726
8059 6796
16449 1688
16845 2251
9833 4325
14674 3724
13731 7704
9886 1098
10616 16145
2408 8453
608 14932
9649 13477
3802 14235
15878 7706
1082 14777
7141 6855
7001 13526
13569 5849
8384 4975
10482 12775
4481 10637
14599 13387
1323 16120
4825 3501
1353 8854
7170 3791
6335 11176
13133 11590
12321 13936
16794 4607
2969 3268
11014 17038
5979 1282
14890 17055
7104 2745
14241 13952
2667 12312
13032 6686
10395 17946
12151 14596
11614 9641
17014 784
12487 7465
11855 6390
8359 8200
7945 14700
4837 17680
16411 1038
44 864
16535 13256
12014 2060
3720 508
9839 17060
17509 9247
17462 4027
252 2578
13048 12125
6911 14103
5432 12603
2469 5392
4010 3234
2427 1905
9797 7940
11443 17390
3642 720
17533 11485
11532 12796
17568 12565
12730 12364
15674 17597
9100 9385
16366 13456
11694 3931
16083 16380
4384 16309
5187 1636
17440 3244
8502 17115
6445 8485
14305 13577
8084 15979
15635 8376
12818 2862
5396 17082
6250 12250
6439 5474
5416 13295
16605 6953
17346 599
2326 896
13802 7837
5462 1023
4020 11563
2492 2143
17238 6541
11231 7774
4762 8836
12041 17148
3995 7411
14721 9995
8450 17638
9737 5681
17256 2367
1112 5125
6481 12699
10948 13475
7479 3985
8169 12265
16037 3435
17325 12588
329 8019
12633 2619
11847 15379
9301 5027
2204 685
15350 10505
4361 4746
3402 1013
12931 8551
6222 9623
5972 7463
13508 15046
5005 15880
2789 14695
7705 17882
15037 2096
11645 9645
15773 17930
634 9790
14622 13542
5169 15735
5719 9992
17532 2015
5960 7982
1814 1453
12201 7269
11315 13177
14442 11311
2321 15873
9418 5216
5344 4044
17616 14570
7270 13155
10797 16920
17214 9305
14986 8630
13100 6839
15431 7895
7598 10906
14617 15408
5948 14084
8690 9637
10695 16804
16978 16437
9323 14272
17808 9676
2587 7871
11127 10272
11604 1283
1491 8559
5258 17606
14861 16882
9943 1528
8977 11145
13263 12538
15076 3152
1367 6090
16954 426
2054 2124
15259 8116
2324 12770
12786 11097
7026 10253
6544 3528
14832 8290
16439 8533
12031 13310
11362 15624
6856 16510
11812 2161
17665 12903
1366 10539
17702 9775
12500 12941
2141 4516
12377 13476
12064 1558
6050 603
4267 6112
4303 2772
2880 6598
15858 11545
17285 2698
10764 9745
17957 9192
7743 12703
15551 6905
7455 3227
14196 7032
8254 1609
8538 17041
2361 6348
14055 531
12329 6239
12353 17139
1304 10614
6573 6849
6887 919
6700 2716
4748 9015
13053 17489
4240 7178
5181 8317
9423 334
4105 11958
2158 6399
12507 7353
3668 11768
1596 14812
4943 556
9195 2169
13367 11822
9311 15168
16851 14132
2970 10392
2297 2982
7358 10036
1465 7657
11268 5679
3363 624
8202 11071
16496 8379
16418 6359
6985 12274
14798 43
5852 16041
14955 3511
1152 16177
15929 6719
5514 5999
15340 12096
15513 16105
2180 207
16450 2795
16257 11426
9033 9357
16602 8262
14704 17571
862 7577
208 16609
11587 7052
10303 9360
17276 15099
5452 11262
16663 3230
14244 13045
9597 5042
9411 14377
11780 7654
2157 5884
1812 425
8560 14883
6290 16740
1853 17180
9221 13107
5179 14546
14323 2842
3708 14122
13069 10171
7796 13769
1040 11540
7153 13697
12475 3409
6617 6438
12524 5395
3219 4071
17697 6778
11954 9639
2990 2364
10022 8531
3555 12225
8687 9057
13670 17021
7726 374
7132 4990
14036 15154
309 6805
5306 6775
4371 6895
10237 14602
2801 15070
13381 17032
15357 11860
11964 209
1148 3017
7272 6000
11387 16018
3934 4955
381 14624
5376 11103
8124 8456
6602 16706
4495 12715
14926 12145
9944 3074
4774 7511
2776 11289
11970 11801
13538 496
4089 9596
10358 8175
9727 13303
9376 14042
10350 9258
14706 6663
12927 4690
9456 11976
5078 2206
8345 16327
7737 13940
15188 1597
3025 9527
11260 15554
15344 11821
4510 11298
10981 11147
2669 14139
1130 11853
10713 13820
5203 13277
11336 12667
13047 10344
7004 10093
1555 8072
11695 8062
995 2480
122 9490
12114 12061
14529 14737
9807 7150
9433 13639
8632 10776
1659 16216
3965 17100
7028 15846
7475 768
13524 13385
14018 1047
11032 12362
3562 12016
13841 5261
5529 6889
547 7661
9584 6440
2777 10121
6405 15647
11672 12325
1650 15059
13145 12063
11913 7709
16928 3412
3758 4865
2555 4009
16441 15934
14005 8336
3237 6538
1361 10609
1893 14726
9572 12363
1291 8188
9183 13805
4400 10543
2114 17860
2329 3654
11343 6627
4091 2783
5966 13776
8539 6113
16171 7148
12401 509
4901 7403
7934 7548
7316 9571
5141 16966
17198 16698
12647 10627
8230 6326
17893 8626
13197 2556
13910 8446
12101 10927
254 2149
9732 8218
14446 2117
11019 16085
10403 4286
16494 10844
253 17070
2087 9602
9380 4437
6237 8578
13753 15073
1484 4056
6517 16245
5759 9125
11635 6376
12184 10073
7342 12025
362 3358
3658 5988
8311 5834
1865 7327
17751 8437
5634 13707
13330 14793
7198 5870
13132 3162
10288 10064
9854 9661
11353 14520
10775 5977
13711 17374
1021 5728
15229 13872
3575 4208
15327 8298
12869 15468
8953 16601
3023 10020
15223 5897
7426 15151
6492 11925
2929 16312
5131 7429
3356 576
14750 126
7648 2953
10409 17291
15702 1637
3964 5666
704 9576
9579 7527
17404 12907
12559 9730
5517 2904
17733 12349
2586 15814
6411 14567
13059 17
16955 11803
11664 3553
15167 3930
14389 17226
11288 3340
4153 15231
15317 387
14512 9049
15862 1825
5285 1557
9674 3549
5898 16922
17362 1695
8975 14202
8066 8044
13154 8605
1974 2577
2259 4925
7464 6234
11257 14619
7458 4283
7807 5024
9998 15369
2412 3977
9275 7124
1702 2059
415 16215
13081 3264
2706 5545
13982 10882
7073 629
11232 8556
13967 2122
9567 8693
10974 9738
17434 15264
9265 15921
14593 14287
12140 277
5228 7891
5325 13064
413 11240
13785 3608
15272 1837
5051 12569
3256 15230
13272 6412
4251 10710
3038 7092
11940 9552
10357 2199
11499 3972
88 9628
7282 10127
3424 5151
17379 10045
5877 9097
1704 4581
11403 4583
9472 10298
3471 9119
2123 15894
6854 9550
8809 15388
12166 5564
390 3433
9370 892
16131 13405
17468 9421
16350 6420
5538 9559
14153 8374
7467 13516
429 4164
6936 8865
543 1140
8326 5620
3437 13376
17495 10457
11880 13092
16500 5698
4682 11589
9466 8878
1270 16353
5967 8820
13533 11437
3711 2287
1542 13629
10717 17823
5674 9157
15723 5683
9435 4176
12170 1032
9647 12409
6230 10376
4419 9598
9243 6092
4678 16985
3 7815
1175 4227
7165 12402
8474 10871
4314 15207
4964 3739
2320 15106
9395 12718
8585 1901
1162 2075
8183 16553
17723 13426
7864 7185
10077 9895
3422 12365
9926 16824
2195 17624
9927 17174
7453 1405
8542 10095
4094 17729
11305 11625
3651 17317
11490 15233
13437 6189
9842 3570
10492 10796
16406 5040
3035 14901
2300 2858
6731 4742
16011 14943
12115 10917
13628 16008
1534 14407
7781 2077
14268 10201
8017 7989
5397 7559
14952 739
346 9946
10938 7191
4852 8525
17587 6960
17574 6652
16338 13035
14473 806
13058 7271
8201 17832
16198 7344
5128 9427
5810 11931
9059 21
14709 7337
3574 1382
13573 1923
15779 8283
11916 17589
11809 17134
8481 9868
14382 3898
8024 313
9319 15372
5296 14713
2457 11789
10172 5609
13016 9694
10479 14118
13863 7902
13774 668
15200 7872
17749 13798
12407 14265
11723 2935
3430 2560
11314 1277
5433 8520
10646 3616
10750 11904
3456 11471
7179 1271
15412 471
8486 1181
10371 14891
8078 8867
4788 5000
4459 16028
6080 4525
3533 14340
11761 14144
6628 5749
5154 3392
10156 8774
8607 13969
10032 2404
4582 3905
10626 12614
9086 40
169 8121
11624 15319
12760 15544
16905 14688
688 17018
15945 14525
11345 14434
693 585
3375 1766
15385 2452
2739 13420
15590 15592
10554 7993
15225 16457
3520 9896
10043 1137
15924 2844
12672 15362
9655 5645
5976 9718
16541 17992
11503 10573
9956 8400
12220 10888
13036 11046
16090 6501
8717 1684
14107 7775
538 10458
2715 7217
5280 17476
15594 949
7378 6339
3593 5189
16101 12345
9229 16589
13714 4553
5109 8947
1170 16783
17297 3307
17211 6565
2290 16269
9216 10259
3262 4219
5114 6278
8191 3884
9614 12459
10900 13574
11297 10939
161 11295
7762 7617
7596 2377
4854 1934
1309 5134
14398 11269
11757 7107
9164 7735
10228 15346
13898 16880
2042 2732
9932 7324
11234 15607
17958 4211
17369 1460
4436 7949
2678 12083
11560 5621
14312 3923
7827 16084
10223 7063
11203 8440
13172 244
6961 12668
3587 9758
3445 11003
17286 5426
15828 8477
2922 4757
9146 4111
7816 17313
891 5093
11671 14450
3872 2346
15689 4230
12046 15221
15639 9801
14507 13999
3855 7621
5978 2599
9580 9246
3585 1651
465 6292
15784 980
11711 9450
73 1930
905 8155
10840 14463
3683 12516
12413 298
492 1981
1424 16657
3503 10040
9629 2210
177 5279
9347 7053
2354 1902
8702 1846
8328 3082
1103 890
5758 15322
15003 11923
11984 15203
2692 8783
10820 16458
9333 14166
14659 5161
1263 5044
6971 16557
13182 4338
461 7438
11586 14186
15649 4295
17514 6740
2744 2172
7228 748
1798 3291
866 16695
6843 13031
6909 14925
14253 12468
16957 11851
12467 4148
2357 1533
7874 5135
7394 7749
559 10016
14187 4184
6766 5875
13207 371
7096 934
11247 8681
17891 11662
7386 13682
12890 6785
11138 15522
17714 12509
6004 7841
4119 13294
6976 15541
12623 985
17096 13656
14710 9479
15869 15933
17327 17938
12178 16838
15777 5429
1888 2319
7540 17775
14233 2760
17691 13096
507 4567
4570 8778
16052 11418
504 6982
549 9366
11110 16492
13617 14484
12962 6812
10221 6662
1101 9665
6277 3788
1588 12687
792 4036
14455 15249
3808 998
14099 16762
5413 1927
14334 175
12152 14784
9831 14699
7024 4177
2302 14859
15695 5149
8729 4498
7538 46
7964 5757
2126 6452
1947 6451
1024 1806
8548 16836
16731 338
15198 10160
11731 14537
16805 17899
9789 7861
17469 1661
15255 9085
9212 3888
2208 11339
9381 8912
1017 11181
11997 9788
13400 15285
13912 4391
10599 1236
1895 7695
8933 13800
6894 3041
10999 2012
16034 11036
17042 10711
13913 8740
16795 2027
11163 3062
1931 2007
4536 13221
5772 13055
5477 267
7818 16253
5039 12304
4249 16757
14681 9967
12373 6380
4588 16175
4819 16747
14544 12406
8003 16849
3366 17999
136 5048
10515 6789
12535 3361
2 11733
16735 10114
561 1189
5785 16480
17649 6753
6942 12441
12919 1016
10244 15232
14089 12972
5797 1792
4050 17720
13757 5624
11835 15057
2792 2759
16542 11798
14195 13541
2225 5695
17155 15693
12826 11595
9194 17591
12618 7291
11189 9453
2138 6120
10179 9557
7128 2573
10180 14669
15755 10017
767 8439
14038 411
4815 10170
11906 868
5271 166
9564 4163
11770 12664
8884 13116
12576 2312
9609 6800
5987 4001
12058 10998
8807 10902
4680 12563
6732 8612
5345 15048
15766 16655
803 9414
3684 10980
5176 12001
1585 3068
2655 8365
13965 13604
16139 2301
7859 16807
8558 3879
12999 8522
10762 8100
13214 6927
14106 3620
14378 3606
1626 10612
10755 6066
12157 8272
16391 12297
16325 11009
17709 8361
8438 9815
1358 14438
3203 60
13033 10018
5225 13280
15214 5230
2253 5971
8443 8187
16405 13255
7943 15242
601 5066
13923 6351
2593 5540
6259 13891
969 5904
4370 168
9087 9356
15051 5072
6469 13522
17816 3928
6586 5734
16382 5117
12536 6513
1224 1789
16121 7862
3810 16613
6707 13807
13649 11128
9673 15260
14897 7460
188 7351
9219 11902
2611 1685
9188 8959
5170 848
419 14929
6358 6173
13185 13843
8203 16564
1156 8085
2028 14091
541 11372
210 17635
5771 15820
13041 16484
9458 17598
7568 1603
6823 174
2635 5019
11375 4110
7201 12465
8321 623
1831 1089
7650 6710
13472 7249
13465 2756
12137 10876
15265 12557
15455 15074
4541 13971
14957 13195
11039 12634
16870 5573
5404 9701
13499 7507
6852 675
5551 16044
16455 14119
4263 12480
10533 11869
10355 16146
6772 16570
2038 5762
13725 14210
4666 8398
1107 14978
13123 12232
3734 14764
16611 11845
2915 15818
2232 14880
6530 2652
8246 14910
8885 468
7263 7746
246 12545
13230 8588
14044 16901
9497 1740
7119 16132
13071 616
16813 14364
10151 17734
2379 11566
16081 217
5560 5526
13483 4684
15366 9696
3523 14754
9899 546
15578 4751
10968 14801
11408 9721
12055 11178
2639 10825
12768 3186
15470 12004
3478 7459
11992 467
10407 2219
13007 13110
6039 8628
9451 16993
358 5819
689 15518
1589 4366
16631 12723
2113 17498
4960 13094
2871 5830
16465 16628
4161 16508
1180 5479
15770 696
13871 14773
643 17231
5411 4174
7122 15433
13318 3154
17668 6547
7288 2754
6442 3823
11162 16472
5490 15803
17065 7684
16079 6713
5991 17719
3653 3940
5536 13701
3694 15845
15852 5578
4592 8063
17051 5747
1900 8949
12767 13042
17805 13333
7181 16614
11772 14646
15892 3293
6102 15990
16641 4831
8948 2617
1193 3882
8851 10502
16566 6850
4585 17416
17621 4482
3391 967
268 12658
1537 13735
6981 1838
2109 6529
14396 5879
16072 5327
3595 9029
17361 17080
1233 7678
16935 11342
14247 11328
9627 6061
13883 14143
628 14331
9782 11750
13844 7280
16799 2407
13565 17553
9791 9329
11069 11688
12595 11674
8049 17995
12627 10971
16290 17113
15494 2689
11775 2770
738 5158
10635 14475
4989 8841
13399 15496
9075 5944
760 4446
17185 17378
17263 4988
9541 2159
12092 5146
6159 8906
15334 12090
17856 16555
10986 6204
11352 10186
5774 1563
5243 1389
6067 8271
6133 70
3909 16873
13337 7876
6257 10316
6524 7182
8160 12504
10940 13468
13156 2315
3853 17644
10743 4369
811 14290
11250 2291
2091 6167
16252 11066
16033 17965
3240 16279
4594 320
12694 4572
14102 7908
8083 10636
6863 7243
9811 6706
14194 4313
6651 928
10624 6099
526 6688
4250 15505
16445 14942
4454 12428
2877 7091
8714 16232
2484 10006
2055 4120
7947 2761
17990 8114
9351 9610
12395 2940
6680 15420
16539 11963
1490 14399
17715 14515
10008 6747
278 7382
14606 13814
8983 1197
17085 11489
9096 6476
7612 6642
11575 10400
11708 14962
14980 3158
15228 13077
12043 6924
5047 4822
16806 16892
49 3277
6900 10941
7826 3212
3980 11895
2498 11840
15794 4002
17208 13455
9213 6566
1771 6531
14522 1268
17806 1075
2313 13760
14083 12347
4642 14502
13772 16855
1259 2988
6495 15226
16207 1835
9616 11648
11623 13713
16097 3889
12258 7938
4122 17594
14833 4927
7496 13383
1297 9865
4538 236
12950 7967
14230 16926
62 17903
761 17243
13839 6021
10341 8764
3461 788
10770 8130
479 17045
10196 3103
17950 5921
4011 10079
1039 6779
11957 16
7554 6610
600 11974
5692 10173
7108 4862
17962 8399
10752 6949
12007 3427
4677 180
14557 9562
4464 3697
11657 10681
4749 11569
17483 15162
6110 13579
16616 10498
12491 12030
1426 14215
1105 10782
8255 15121
14404 4268
12164 11838
10936 15829
8688 701
131 17501
5191 4773
17267 5984
16897 3687
8211 16294
15634 11622
17269 9343
2330 16339
10352 16784
6474 8163
5922 7877
4359 16383
12573 13225
14574 11357
13684 1053
12589 13139
8452 821
7200 14660
5761 5238
11675 695
4935 10143
16787 6486
1203 13170
10638 11633
1985 4502
11142 6845
5631 14543
17392 1334
7071 6031
10960 1681
7686 15288
10335 9384
2943 10301
10012 12442
13539 8224
11333 9972
13917 5508
8148 6429
12513 2485
8250 16931
12309 9551
649 1000
3006 13688
11714 475
15072 5723
6001 4039
5256 17108
15801 3514
11220 6407
15066 13631
4747 16188
4568 5147
16927 16333
6648 12427
4311 11286
13212 1329
16617 6797
6670 13470
12754 11846
13973 1976
3561 3828
3966 10719
651 16626
285 1243
8243 3185
2341 10211
4987 10926
4342 11502
683 17261
2992 9208
469 11239
8852 13088
1640 14580
1400 1855
13618 964
299 989
10488 15966
2080 16407
7860 11972
11174 3076
2476 1638
1892 16802
15368 2589
17190 825
6340 3797
3690 7405
10149 11816
5676 16748
16929 7966
9877 1998
14715 14470
5480 5333
14633 6158
8073 17799
12874 12815
8459 9746
7693 6106
10814 15504
1669 11077
16546 16758
12583 12003
6384 11511
10738 4991
13304 11312
8013 6539
10772 2961
16903 3957
14030 15474
10669 9434
6283 7031
8429 13493
10958 2891
9295 5030
2806 9583
4037 6519
13687 10884
3638 2574
17725 2853
791 10944
2445 12828
14098 14111
2782 10085
4215 17794
14363 5372
8288 493
2356 7333
14740 17300
4075 13219
14527 5779
3579 1996
10540 10495
1554 5729
10313 6870
16798 8574
5519 11444
8204 6425
15900 15049
7963 14607
4627 13927
14924 12368
6354 1147
13026 7875
4656 8805
11592 17026
11263 6030
8410 2391
15060 16214
449 17250
2098 5079
380 1946
13560 1971
3003 12503
11111 14401
16615 14319
2106 4715
12073 1487
3253 4993
15463 10387
15209 3769
14316 10318
7526 12629
943 535
5155 12553
1194 16107
6081 2594
1468 4610
2841 12501
17909 4840
8782 6873
4476 13171
17812 1239
16296 11598
11859 4421
14840 17028
2721 15383
13484 16038
5038 9690
8284 12473
17613 831
2729 3824
12311 6694
4237 12011
17075 16130
10949 15277
13831 12800
10574 4451
2173 11753
2148 2718
13654 312
17646 5307
216 14640
1592 1953
1964 923
2035 2311
756 16427
7619 16356
8352 3276
2931 16765
677 8128
17181 16010
2266 7409
7959 7357
1054 12836
1924 13284
12008 11320
2043 15961
673 17013
16852 944
5163 1387
9464 15960
9581 9273
15289 7521
16837 15891
8883 11271
5968 9047
12458 8256
96 13881
9521 4546
15087 16165
8351 3781
9406 1327
3283 8168
8659 4871
29 1207
5241 2687
15052 3129
16767 4766
15386 2827
9692 6314
2459 289
12971 5730
14301 13444
12727 5745
17118 9760
6226 128
4972 11760
12966 9118
9792 5552
3040 8407
12128 13531
2608 4820
7519 12068
4179 11299
16308 16831
3384 2950
12340 4994
187 2642
1027 8727
13675 17478
63 4447
3016 9710
16102 9973
4915 14201
3136 15987
11441 15486
3404 15489
847 13150
7118 7000
11643 4540
3864 931
1028 12292
13265 7794
8930 11070
8442 2009
275 9799
10942 5691
5165 11155
10914 7655
4565 5322
6453 12640
14797 1752
3722 14765
9286 4162
2382 1562
14776 13624
10542 5497
13152 10014
2686 14821
7245 12217
16745 7159
16319 5635
3232 6922
17427 11844
7986 14017
9155 9101
2196 10693
14259 15843
4587 17945
13510 7923
4736 7995
14999 14791
1932 17071
15010 10368
16359 10200
9046 17502
7495 9394
10679 4638
17324 14137
1179 3280
16404 820
16709 5262
9477 7212
8901 902
6255 14510
15108 6144
15118 10864
15114 1409
17780 6209
12173 13888
14362 6962
4118 5855
215 7984
15557 12693
10577 15032
12009 6851
8599 6162
3121 7685
3389 1773
14829 6392
3837 17228
9277 7305
10875 16896
7275 3030
6846 331
8591 5357
14225 10293
3400 4548
7679 3648
7232 6998
8371 17333
1081 11190
3847 12913
7244 12744
7002 13147
2144 5150
5957 6048
7594 7433
15750 11640
11800 12887
15056 12762
702 2288
14472 15911
9678 12793
3073 3063
13229 1804
7060 15184
14661 1138
15954 1325
1516 16237
11650 5049
9591 3602
14658 13321
14151 3916
13665 9415
5693 8564
9872 2851
12405 3095
6313 12018
9391 17064
15280 16117
5804 11655
12253 16023
1479 12215
12070 11572
14134 878
16398 3910
5288 8316
11446 16229
1732 5663
16547 15802
9630 15187
13313 3164
4042 13754
8553 7707
7769 14341
16948 11029
6512 4374
5207 14896
13885 12294
11273 13187
7506 14536
15170 17505
8830 1749
4392 3766
9679 3426
3834 11386
12343 7745
15769 17454
2258 14462
12211 11739
7256 6615
10615 2062
15919 5334
16115 5219
3700 3815
5401 16684
4895 13057
7193 11547
6692 4030
3560 4068
5648 2217
14727 5742
3776 672
17475 6711
793 17914
8005 6736
1122 6724
13908 8197
10629 11294
5142 14974
1475 139
3733 1577
11466 4376
9129 1526
4052 17125
5439 11696
10486 6140
16640 10386
10025 8004
10087 9154
7317 17997
12452 4939
12613 109
8954 5835
11349 12415
1216 7903
5704 15224
15005 9706
2252 301
10608 7098
7913 4291
1455 1736
3641 15539
7254 5116
9766 16205
13211 1926
13796 13104
9304 7814
3822 10806
10029 12112
3180 8405
69 6367
13312 1676
194 13716
15363 17153
13855 4940
10268 13661
11024 7376
1160 8435
2850 13879
13778 13049
13743 2105
8985 17087
8682 6264
6540 1689
1411 4731
10102 5053
8149 1096
13395 2696
7912 13529
17326 5364
134 5235
11395 2328
4616 14458
10231 10973
1644 13738
17661 10815
9958 15774
11796 11884
10249 5521
16217 4523
3573 11802
11977 8617
5665 15208
5486 10689
9881 16661
1438 9717
4967 11432
11536 6296
12944 2753
15389 4305
14114 17641
11280 13043
1668 12606
8018 16479
1746 13626
4913 17385
4722 2725
7543 2010
1036 4576
11049 11568
16032 842
3844 11866
657 8143
8048 7764
7083 13718
8746 7683
15967 6634
13301 8462
3135 242
17419 6821
2263 1641
13002 1131
2478 4199
13274 9734
12131 13606
213 3695
16525 8424
9997 16625
14162 3605
6537 2734
3378 12684
8888 6623
12609 12423
3789 16347
8120 7778
6635 8945
818 10300
6603 2423
17321 13870
14601 6051
9198 6408
5935 13283
1802 17935
7466 4950
1312 10988
3900 5725
7023 1116
13 9989
3059 14632
8047 15335
10408 14456
12259 7497
12940 7087
13201 14140
13900 8937
7352 10665
17569 8643
12561 1648
590 15628
12759 6620
8799 14720
1663 16940
13105 3945
14648 6105
17074 9968
7597 5229
3387 23
2438 5826
11121 12410
7701 16226
2025 2245
13020 13722
13366 15946
13023 10585
16201 10720
14108 12385
4171 1625
16126 13089
5353 16751
10169 14616
10570 4697
9823 16716
15870 1667
9549 4432
17861 17029
3516 662
2763 2685
2621 15201
9512 8649
12816 9577
13062 13537
17695 5081
9470 2248
11100 14477
4654 4218
593 10701
9306 12598
1707 3319
1966 1816
7374 10291
9608 6840
6160 5423
14412 5377
2983 13382
9914 7215
446 3218
10677 7831
12878 2636
14838 9070
7216 11064
8741 6305
3871 11743
14367 17117
16797 13051
5355 8873
12776 11484
12181 17112
833 7878
2839 12390
7070 142
7697 1349
15391 15421
10773 3497
4920 12138
16031 8028
1829 7398
9844 2327
6970 2823
3210 11082
9332 12937
3836 7789
5264 12841
10659 17426
4258 14981
8409 560
10649 1351
474 16197
13662 17445
1062 16801
4017 9976
321 14882
12608 9841
7123 14059
435 8181
3831 6593
5912 9560
1357 1339
15809 9984
455 6838
7699 13835
13657 15337
12508 1928
15092 4328
3100 8329
3750 12029
14163 10946
2597 13829
4357 9257
10194 11351
15439 7408
12586 13039
4269 17151
1166 1538
2316 14182
15445 15658
2788 2190
3576 2887
5949 4431
10664 16530
7987 5192
9224 14145
12494 2164
1520 2856
10094 644
16015 3807
999 10507
6078 16675
15342 5936
16519 7068
4156 1679
645 349
7747 10792
7525 9425
9622 11579
8806 2991
6847 6629
15874 5860
2848 5869
9007 14584
2648 13073
1091 9378
8870 17517
17755 14433
4048 8808
10031 16313
17154 9575
15191 14271
15446 9220
7476 2811
110 16143
5362 2496
15355 5032
4952 14583
17885 256
7450 6533
15710 16517
10580 16137
14635 17287
4907 12396
13206 10384
12930 10224
14637 13993
12792 7542
6391 3235
15174 335
17852 2167
15053 17975
13580 10662
6449 16900
4574 7336
972 527
12389 2564
2222 7285
7037 16195
7343 11820
17534 3637
10675 8307
8601 4018
12240 12707
2707 9330
12456 3670
14786 10455
17022 7223
3087 17915
7754 13862
15638 11854
17881 612
16158 17399
17386 5867
6733 15062
4390 9335
3202 10655
9594 8324
1539 13247
17423 8076
12460 15887
13495 1943
14258 7641
15227 9341
15381 14724
17435 3785
1431 10768
15790 8518
16409 5629
17221 1399
12314 8543
2864 10548
5937 9918
7356 10565
7663 5601
9398 8395
3601 1937
14222 10963
231 3004
10388 6979
5388 9963
10251 1407
10718 7978
17907 7040
15102 5661
14357 12280
10858 14447
9838 5618
7422 3860
5468 4716
17121 2752
11849 3613
6661 4555
10046 14936
12392 14741
6170 1337
12062 17759
15783 13658
9210 3792
3317 6202
14133 11683
2053 14944
15089 6858
17807 9271
1683 15410
2518 12917
15571 3710
16636 6152
14329 3842
4108 4800
9430 966
8016 975
98 16403
5408 8636
5437 8304
8308 1123
6621 14804
3596 16283
14790 2363
16563 7660
11806 12293
3047 5559
9948 11115
16707 2717
1794 11140
13273 14306
13174 127
13228 2340
1936 914
15648 7722
11677 9200
13956 12568
2282 4494
16043 5845
1228 9203
6499 5848
2557 16069
3019 5105
3032 9658
2799 17381
4405 12093
10322 512
8082 11243
4026 16048
4307 3065
8098 5684
421 17967
5673 11474
9891 1030
708 5266
16741 6485
6441 16969
10310 6508
2424 9318
2380 12984
7502 13066
5021 10803
6636 14904
16773 10035
5780 11378
1191 11526
12281 745
14868 7936
12141 15789
7339 2554
9231 1956
15023 4550
14954 5043
6249 6477
884 17458
610 10452
11454 9604
14844 4443
1967 13281
17289 5013
8277 9771
3773 6280
6446 17363
1514 1649
3407 14746
17838 12882
11942 3188
3735 1340
8129 6504
17245 16074
89 12505
17797 1634
13466 3436
6687 11212
17628 1519
9980 15213
3302 858
15902 15807
17699 17839
17484 1882
6303 7630
9934 12651
1159 8335
10222 1954
9066 14423
2466 4132
12798 10213
17600 15254
10240 13344
3270 14371
12674 9756
12372 7101
8470 15396
4452 9518
10824 9361
2309 476
2376 4984
5089 10307
9638 15904
10805 1808
3354 14248
5953 2779
12929 12476
10868 1398
17110 10911
16363 17373
14581 15537
3721 12951
9888 50
13418 8391
4060 9233
8833 9874
15745 5808
10443 6792
17138 15653
10122 9382
2651 10951
16235 6702
9532 15484
9353 14873
10812 12688
1509 5059
8022 7972
15304 3101
1365 16906
8026 14126
9222 12103
15348 13119
12855 9809
7931 1920
9810 4764
981 15574
7021 9077
6515 1844
12282 11831
13487 3661
14547 12268
2493 10650
6413 845
13812 3368
16693 1267
1725 9455
12611 10340
5457 1569
15641 16225
17241 10633
4064 16722
10450 3295
12283 8015
7638 10060
7834 8251
68 10456
6271 7086
4070 17314
12833 16268
8306 15909
11518 2973
8357 15836
3652 5596
17020 5577
17694 5233
6286 13269
15329 11107
5248 7203
17036 230
10279 816
10848 8680
10856 1008
5876 12594
798 1007
1293 4182
2031 11699
10640 17740
14917 6678
6403 11227
8414 14053
8818 7635
1513 9530
542 9149
5920 17093
11567 5752
12414 12751
5045 5084
14920 3344
15817 11551
10467 6701
170 7372
9940 14534
16289 13505
14251 14869
3597 5539
17936 810
4382 1858
8356 14916
7634 4124
2767 12721
11409 12150
5184 10873
558 11287
6223 12622
11382 724
1092 14589
14246 9071
14745 14457
9062 9297
17455 1146
6127 14453
13847 11460
13520 10742
16674 2553
17030 15923
1375 2307
5374 17570
8914 1560
11430 17627
4422 3156
723 6149
9061 16004
15761 95
17855 5212
17182 3830
6794 3226
12117 13108
9711 10168
434 7418
10530 234
7848 147
4971 10343
6212 6088
17424 422
16341 7219
9269 16122
4779 16551
3398 15918
4605 10913
4622 482
13519 2047
5122 7127
3141 5398
6813 14373
5751 4885
13503 9836
13559 4845
6869 15145
11365 4977
16863 14982
16867 10541
2623 9978
4149 6601
4475 15637
11360 12861
1204 16526
1939 10023
11004 17438
17739 7048
1080 7421
14703 8801
7569 1950
13546 15395
10491 8845
16440 1729
6136 4962
2934 10853
15292 4393
4724 13893
37 448
15177 2136
7055 9688
6053 10617
2018 6809
9253 13988
5330 9517
3042 14893
11067 17956
1666 12484
4341 15371
10209 9729
9478 962
10747 4256
14967 6751
11150 16026
16395 3352
11871 17007
12560 2004
3550 5290
7363 3887
6220 2649
11388 17713
14466 14719
6857 10413
15045 5018
9820 15538
14172 9180
4067 7713
6599 17140
7390 5610
10950 7471
6827 3351
7308 12655
7299 1714
9259 502
8550 10239
12286 9108
3305 15707
13429 2646
15085 5597
8499 9650
14021 6999
8756 2833
14817 8145
8781 11564
9845 7255
4402 16756
2956 16932
14836 4352
7461 11922
15534 5731
11310 7162
9585 630
10104 8997
971 7556
171 2486
10834 16202
8882 17790
9858 6235
7331 1987
10439 3005
10605 6872
3432 7115
1912 8990
8241 7492
15520 2110
10476 15083
7404 1531
8484 17253
3936 2264
7329 15736
1482 6616
5581 7890
8760 17972
13245 15311
5881 6083
12883 8671
16907 11980
13374 3483
2925 458
3657 13588
4703 3725
7992 13370
13038 13412
2664 4669
17303 16600
7084 15838
4190 13193
5568 15195
7557 10870
12118 10765
16151 6122
2120 2249
8208 6146
1867 2588
1419 8637
7391 1772
5358 1428
8150 9654
7151 14972
4185 11405
14204 14068
3367 13691
14214 7955
364 12098
10028 4531
11912 8386
17347 16012
3024 2181
9407 12771
9107 1843
5923 8672
5119 477
7894 10021
12840 5913
3686 16621
6041 1933
6914 13095
6638 2576
9582 7880
17165 6841
17765 5056
16651 1441
772 15234
17904 12162
13555 12185
5011 12313
9763 9182
11939 13311
7213 2659
14968 17265
15397 11533
1408 15965
15349 16036
5694 8154
3771 2058
7867 2656
14184 12734
13084 108
16324 6937
16974 3868
14437 3875
17114 12961
3754 9238
9795 13758
13428 7909
8788 17334
86 14046
2471 8061
14595 1258
8162 1494
7510 1718
3565 240
9298 8141
11491 13289
14080 5822
12400 14985
2944 6590
9906 3630
17727 2984
13512 1906
12472 7066
15432 13384
5064 48
14488 4114
17828 4624
11596 104
15569 9904
6644 13501
3567 13194
8958 10339
4290 15296
4980 14129
13029 14961
17299 17220
797 17490
359 9093
9508 6269
8227 1662
15453 13482
4509 9063
15762 8193
11476 9133
16652 8657
14370 15714
11020 6178
7143 10726
6374 17282
9733 11944
9501 15248
10560 1543
4379 3564
7667 14041
9392 4272
8217 10292
2512 11255
12295 17863
9226 545
10178 3538
15785 9409
17222 4904
17199 8875
8096 6781
12375 5865
10534 15620
7295 14033
9342 12783
5028 8571
7948 14189
328 15697
12680 5815
90 17921
4832 16579
11613 5222
13242 15047
15724 14236
2443 10003
17311 17126
12483 7780
14841 3997
5640 10591
14429 7680
279 17428
2625 7528
14965 6473
5014 4321
13464 687
11117 14008
5080 2796
14889 14170
8705 3285
323 13746
11237 7951
15957 11461
11480 17441
11439 16149
3282 9626
8837 9365
13728 10969
8563 14987
3393 3322
11630 5186
12341 14013
11522 7850
1757 9413
6013 17897
14815 11736
13903 7979
8055 17841
3529 16243
12042 6491
17433 3865
11890 15373
6543 5528
1443 15914
13696 14073
2901 7846
0 5394
8228 5323
13811 16983
3938 13373
10846 14548
942 8054
8829 9250
12711 4709
15476 6208
16426 5882
5829 16138
11928 1678
7581 2037
13528 17815
9232 17103
12985 2914
10922 15871
10551 1962
3623 12108
12584 7136
10330 2235
8057 3967
6583 5611
7613 12054
714 15105
6147 6076
2283 9083
308 3794
17579 9369
10653 11062
10451 16666
10962 17642
9218 1874
2558 16746
2800 8426
5994 17497
6777 11168
2583 17601
6916 666
11346 15100
2955 2890
10983 8285
17225 7190
101 15808
16949 9126
17192 7166
2348 15075
3522 11184
8219 7167
12369 631
12212 12209
12228 8032
5844 9937
5291 13102
11697 2813
6151 3692
17887 11116
14535 15567
16883 1171
181 11755
3937 9355
16504 13895
16808 15166
15861 16316
14912 10416
10190 13914
5400 10970
9569 14390
9695 6557
11179 3440
8349 16850
17132 15627
10937 2561
12199 12945
4924 10373
7283 4816
7449 11331
6338 11686
5185 6534
5272 15193
16482 12339
6337 15507
3656 15725
12425 10595
4297 2146
3189 1578
7937 14335
3447 340
13213 75
11549 2917
6043 16759
11025 2793
10620 10421
11301 17279
4692 9660
2350 14597
16560 3491
7416 9020
337 14771
4522 6582
12806 14366
13164 1894
1899 9098
16378 2949
1979 10385
13348 5489
1134 5576
16054 6432
8494 1472
14558 12863
6892 2954
3825 2709
15988 8313
11612 17582
8804 16470
8792 2525
1332 1911
8053 4214
9171 11727
8338 7659
5366 9621
9952 13770
4870 4655
583 10869
16507 14611
9500 13363
17730 10777
16846 17833
4236 14803
16159 14490
5861 12127
11218 4520
12554 16466
3974 3845
74 7711
6874 4212
10083 15493
10558 5831
16785 10684
7721 15081
718 12747
2421 16780
12542 7505
15042 4687
15602 10261
9474 14676
199 16314
511 1418
13021 12249
12267 9026
11941 5403
4015 9287
13070 2682
16511 16087
12750 15256
1436 9603
9354 6884
4838 11429
13963 16200
17057 12858
1308 7011
14282 4705
9632 17620
9593 1878
225 15142
1616 770
840 1342
17853 348
7155 17506
16249 15824
994 9586
17301 7579
9644 2431
9993 6862
14077 6434
13856 5833
12510 591
2695 1978
13980 11725
355 17776
11720 17857
129 4886
17432 8408
10217 13779
2543 6750
5112 16266
386 3894
17827 13343
3163 1391
17784 16703
13462 4257
13926 13995
5178 8699
1437 365
2000 3124
5420 7242
1568 12581
7015 13655
2723 10786
8469 2650
5561 8763
5485 4006
10995 6172
11824 16419
4612 3416
14663 16488
2269 14730
12789 17793
17931 13679
5965 9931
8133 2103
9780 8418
8861 1672
7689 14563
9303 14207
15356 2318
808 4418
15457 8248
4430 3741
15825 12897
1315 2497
8221 3348
4327 17457
16047 2768
4131 13737
17474 17825
14239 4720
16877 13591
6214 15756
6184 5563
9924 14078
986 15672
9929 14188
8509 16203
5880 799
4503 2396
4941 8589
17456 4750
11506 879
8739 16646
3113 17663
13479 4140
16829 3271
5168 8666
5120 8394
457 5591
2127 15982
12358 9091
17847 4876
17397 6193
12823 12156
5892 14493
15308 6322
6364 13792
8194 276
4130 12824
4614 7100
11787 1595
13930 14788
13621 9736
6012 10047
4973 10901
16475 6032
3108 5054
13946 7289
2830 16594
4688 15039
11850 5703
6526 4401
13496 12183
2160 4650
3206 7970
8310 14173
9052 3046
10716 17756
5738 11996
16176 8999
13202 15799
15721 2523
9631 2966
9260 12315
17944 6145
14566 1256
176 11338
15283 1286
12714 14322
17525 7164
15901 14545
10130 3568
17679 939
6260 3655
11478 7609
14409 6650
16578 10830
15759 16180
7111 9276
1590 10381
14946 2278
646 15753
17951 859
6925 15660
14454 2884
7534 14949
12996 8600
13236 15527
12780 13643
14914 8909
16859 16558
8932 11086
12895 9502
17229 12335
1488 17084
6791 7430
1022 1680
12176 11950
7828 15258
13964 6082
8042 4275
1341 14888
4077 12736
13355 16263
13148 7423
3691 7622
13111 11870
14346 7205
12251 17937
6503 2442
4665 14376
47 14526
1378 3155
17485 1842
345 4497
13715 3228
7435 6630
4867 2392
7501 4128
2774 3018
5828 5460
14231 15206
1801 8135
16262 12765
14354 6171
3990 1489
14739 6231
3826 9741
8214 3677
8226 4823
3850 4450
12803 5234
17366 2033
8976 13232
14344 8923
14863 6138
7220 16067
7819 10865
14028 790
17783 4085
8041 1506
10863 3624
2838 12246
12022 77
5471 3539
6444 12653
14480 8752
10317 6704
7380 15546
8185 14498
11510 2857
4239 4485
2069 5022
15279 59
6521 9515
15268 2260
17933 2908
17237 16670
6996 14826
12979 498
4810 16141
2644 13640
4204 15307
1522 14828
3583 5776
2400 14610
16248 5349
6626 15169
9281 12957
16227 4632
8465 13890
5284 10037
993 6835
11516 2705
2389 17260
5533 10804
17268 7307
5017 416
3446 11281
30 16656
12670 4277
16304 2875
1613 17246
2023 2852
6829 10001
9677 9714
3876 12230
15333 15452
7142 9539
14571 11698
9467 4394
1809 5061
2630 13250
16590 4942
3000 10042
7882 369
12072 1682
11023 1701
3080 10819
15848 12298
2899 7560
13761 13570
3169 7849
12485 10088
15394 5481
8029 5463
17980 17360
6137 14879
7616 4358
2584 2083
2384 9715
4344 2202
13578 7672
750 8758
10230 15983
15778 2214
7868 17470
12017 837
14161 976
9471 615
2044 1314
938 3370
2941 286
11302 12455
16857 14997
9283 17901
1219 12033
5188 17551
13766 5171
10118 15054
17284 9884
17632 7393
6093 12607
12273 3269
13101 9168
3949 17837
8545 15473
15257 7935
6281 14638
4289 10445
5034 377
4433 17736
8033 4444
11759 1586
16379 638
773 13552
1908 7593
12713 14394
6727 7234
1965 7730
5910 5422
7082 5348
17843 16694
17865 12704
2843 8557
13548 16778
518 14009
2272 1505
5246 5293
3479 7041
14550 17795
9017 8517
13018 3485
16073 5961
13140 8070
5321 17411
5739 16711
354 3191
15330 9167
2085 11385
10252 8903
6291 11411
16887 5130
1330 8040
9813 14767
7907 11530
1037 11198
14996 11358
13846 11556
14966 13130
5383 4841
16024 1645
17116 17619
11435 7304
2335 13137
17429 13515
984 15310
2132 1370
5934 16335
10245 12057
3636 4457
11896 13997
15160 17025
8814 4596
1311 16612
2603 1356
4733 6950
2673 2101
13443 565
8385 2771
1071 12243
9240 293
1811 13233
16251 16490
9327 14641
5506 10333
7782 13853
5939 2610
14482 13730
1942 6006
7561 11810
16478 12216
14650 3310
13938 11668
10139 2596
2107 14499
7933 5974
7767 11782
7334 4857
12848 5085
589 7138
15615 15022
1982 9050
16476 9921
4882 17819
5046 16543
13144 7763
11126 8744
1025 6388
6165 15367
17343 5996
17673 17033
17917 307
11734 807
3671 6266
15064 17639
15526 6075
3140 15532
14623 6068
5123 16027
4409 1322
16390 14385
1727 12045
6342 8360
9625 16660
16764 1617
7139 2230
16387 4253
25 11010
6426 4363
9094 463
10904 5964
11565 1608
11296 10518
10709 8319
9339 8381
8223 5466
10535 11505
17175 7625
13911 11450
17143 12269
16890 1975
5347 1753
10791 15744
4659 10074
8832 2398
12965 327
5360 13762
10108 3142
9480 10418
5278 12649
5803 3143
3350 7724
6756 2872
66 9856
8787 4058
2808 3259
13126 15991
7607 10471
16610 2331
6369 1001
10089 10893
5094 4021
15572 10838
16814 4340
13828 11391
17128 315
6681 16669
17310 14374
5435 15603
17137 15299
16114 486
2972 3589
15161 8259
495 14150
15444 15810
4584 447
14286 12208
16413 2638
11670 11133
4141 15757
39 5816
5503 1495
17883 2229
14318 16267
2281 8293
5617 4350
11546 12879
4201 6258
16447 16911
2927 4803
17745 1677
12621 17866
6465 8934
17170 5118
5592 5240
888 983
6816 11208
16423 16346
16238 15993
13004 3738
4850 10897
8455 5365
4330 11361
6213 567
13490 3659
1262 6192
6754 5456
6417 15422
4415 10269
1579 2926
14780 10097
5214 17043
16853 17387
12065 17556
627 15220
14261 6955
3790 14846
13291 9709
1675 959
13511 15341
13286 6373
8897 11737
8436 11745
15688 12284
8757 15611
14064 14127
6667 14927
261 1015
8117 6748
14294 9191
4074 12412
5368 13314
16328 4713
7252 670
5199 1141
14541 9852
6589 15011
15351 8503
1383 17531
14061 10975
10430 14302
17157 17309
11562 15765
464 7759
8110 10126
7896 6100
6123 6060
12370 17122
6217 13258
6880 10009
5491 996
1247 13287
13822 10694
10759 1518
16629 3707
11898 15339
10538 16367
5659 8325
16276 544
16223 11021
17604 6834
3266 7443
579 9317
3777 8994
190 402
16997 119
14945 9079
4698 524
13012 10212
4827 7570
5763 1281
6347 12005
3466 3468
12725 4695
7586 4441
17750 9136
14213 779
5602 17315
4471 7444
12159 765
6333 6400
1301 3907
17659 15781
11874 769
1348 13880
14517 5746
2641 9045
6297 97
8565 6107
6243 1859
10105 8094
17056 1833
7653 15596
14586 16029
10708 4923
10779 16298
12338 14994
11483 6825
8654 15959
8831 10571
10961 787
5982 10131
5313 17567
13452 16961
916 6929
11058 16110
13371 10715
8279 8095
15806 14160
5588 11636
7074 13498
265 392
4978 11431
8348 3688
4135 12202
2293 8747
3870 14928
13489 3335
16388 2634
7392 9072
1168 1845
584 12227
2414 1344
7360 9744
8006 4013
5760 6010
15772 5701
10623 10648
5451 427
16349 13268
22 16315
12517 7605
12110 17130
13364 11929
8127 632
1719 804
1396 3998
8498 7975
4945 17213
5938 12079
4855 7773
16247 15009
7573 2825
3530 3246
7567 6787
11180 3411
14530 2720
14299 14190
4908 16789
12695 14295
4461 13695
10246 9173
16435 15667
7029 6402
13987 1099
5496 6974
7410 2039
8606 10440
8874 17477
14931 6915
3621 7758
11828 17491
743 11908
5221 5740
17732 7088
11113 4136
3177 17156
14427 1470
4372 5180
7278 8515
4974 99
13513 7843
13378 10030
621 4234
3796 12834
4377 5605
2224 15183
8602 8490
14180 12811
13173 5095
2231 14805
7792 4381
16577 6876
9832 3703
13046 9757
6595 16222
1284 1629
4429 5675
14148 16515
7225 7578
7367 16354
4252 10271
752 16306
5145 16950
4407 11479
13732 13641
11213 202
14642 8526
274 14491
4817 17886
15055 13607
1230 8153
11006 11161
7109 12679
16727 12954
16219 14249
6355 14034
3088 3170
6993 7805
6668 1083
3251 12182
11468 10735
15380 12585
1046 4685
11805 15176
3481 13817
7606 3716
1298 243
300 3252
15928 8609
10604 3452
9201 14682
12466 13787
2510 6211
6672 4777
11687 14123
6462 224
2712 6294
1769 11793
13360 16861
622 10182
9196 14492
13128 9120
3843 17900
2437 10895
15608 3069
14264 9027
7786 11171
9506 12308
7969 8125
8895 1705
4228 7273
8569 10586
11448 5590
11185 10579
1012 3327
2082 17466
17686 7575
111 2194
7400 9806
16827 16833
5942 17979
977 9719
4053 15103
16092 12179
5063 1232
11124 400
4194 12804
14097 17576
10721 5562
15652 4082
9112 8721
15328 4729
287 14105
5787 10845
3943 14549
8537 3603
5863 12620
9938 7671
805 4906
3727 4196
7208 1886
5520 6135
3300 1302
14070 2881
17924 2275
17388 8664
9362 17875
1128 14497
13179 15906
9699 10242
8733 10084
8511 14785
2003 2213
9503 15719
10652 14845
16173 12223
4439 12963
5136 17461
1161 14690
6818 3122
899 16183
1070 6101
2178 10193
9147 15297
11282 15488
4566 6666
7375 13667
8576 4668
3236 6019
4963 13734
7156 3331
7799 15559
1940 4785
4797 5421
12871 10918
574 1260
11879 3221
7809 3406
2371 15798
12587 12575
383 642
14728 1199
9344 5574
12908 7020
7318 16277
751 3749
17948 5531
802 13671
7601 17640
16424 9137
5405 17526
15058 12885
10329 13402
17019 3578
13596 3360
3552 4675
3954 15316
6757 7820
15419 14871
1717 10460
11790 3685
9612 8535
12426 8567
430 6920
5633 15883
15815 6749
11684 13354
9296 15516
17094 10141
3521 15150
16830 16311
4545 5242
10774 10159
14736 12087
636 8761
10309 3730
855 1368
12196 17976
663 4178
17218 5495
1004 17650
7800 13825
11603 4533
7262 3682
8857 6682
11779 12889
5932 8170
11886 15509
226 15890
1618 2415
16385 5820
16448 15792
4038 4139
17009 11264
14296 15749
11611 678
3519 7811
12665 8541
3115 7954
8347 15262
1245 13054
14884 3857
16189 3598
13352 9325
12772 9667
13709 13297
1913 11597
11740 11052
7445 14689
428 15791
12812 8751
15686 12346
8879 9633
11464 7952
7906 3970
4799 1445
973 2299
4427 11878
8388 10603
5265 11543
10984 1750
5380 909
6252 14768
16771 12809
8720 10712
14664 17089
832 10002
14263 3379
7080 5615
17377 11456
12213 11973
13962 2337
6315 15613
3991 12463
16908 6073
3492 5630
16134 17781
3183 12731
4285 3434
11764 4080
9544 11045
4109 13435
10602 13168
5862 7204
4662 721
10965 15968
15148 9955
1584 11364
3886 16334
5121 16157
9053 12735
6459 6024
10377 4629
3571 6009
13209 9489
4335 2205
11392 7591
16372 6548
8383 249
14397 13481
12490 12758
4247 12023
15776 16664
8842 13642
10504 1126
8482 10473
12464 2451
6014 8487
8816 5705
10618 7583
13875 6430
11015 5649
8823 424
11548 5570
11726 13708
1287 16089
14416 16389
2711 13589
4578 17159
8938 5367
12753 8750
9669 15127
13276 5204
9671 3071
12360 6360
6047 17634
3586 12702
8800 7513
14718 8913
7195 3669
1074 16099
6584 17704
17393 2993
15413 15529
4873 14485
9554 3902
1265 4012
9600 17912
16300 3094
14983 13878
2868 9442
489 598
17835 12669
11129 14444
3525 9785
14216 11888
17376 10611
14096 15305
4378 13065
8207 17328
9352 6244
13019 12013
13706 10780
5196 11214
13502 6045
16959 9553
2666 17529
2215 11013
9519 7210
8366 2455
10175 17353
10953 2668
7192 13794
13536 4000
13986 6890
8010 16095
17656 8622
12631 10080
4298 6875
1738 15143
2436 16244
15996 7298
9377 1821
7348 13786
9267 17471
5712 13118
4589 10837
13920 6810
16595 1060
7892 14930
731 7585
11201 3346
6044 15212
4998 3330
8613 8195
13749 1627
15506 936
258 15500
4891 13544
9375 5301
6689 6397
7239 13808
13780 18
1346 9860
3715 15630
13819 2378
6018 16278
3748 2402
15528 191
15036 117
17722 11676
15563 11316
17712 5351
7389 9262
15733 16362
3584 17364
6836 10320
11864 4235
9174 7428
11706 11947
16473 11642
1451 1751
7434 12915
6605 6130
7732 124
14937 17516
7194 1961
17448 15196
8434 13463
11834 8724
12238 10929
10123 10328
14731 4613
1250 9140
6341 9834
5501 5604
8908 16057
7397 10099
8475 10053
10163 876
3373 3811
16021 992
4932 14959
2310 1127
8549 16352
3770 926
5304 16644
10867 13296
17078 10787
8166 8956
17615 15025
11118 4180
13556 13975
15747 2675
5164 9488
8881 11256
771 13983
619 11057
13838 1248
1775 15948
6977 8619
13561 17330
4186 15273
510 15937
5088 14321
6121 294
4543 8035
13771 8939
6325 13809
15415 5467
453 12866
4861 8177
17359 3303
1172 10267
14026 4604
13622 5607
5946 6157
1497 17086
5958 2461
11202 13231
15598 11951
9214 15238
17929 11056
10989 4079
1280 7042
15375 9202
4821 10414
7454 8433
14993 3326
1296 9256
3755 2817
10920 2102
16572 17189
10632 4241
1240 17802
7377 2994
15245 8715
14698 9328
14383 7905
4301 5381
12386 16548
10583 15905
13627 5656
1234 10536
14430 11521
11746 6606
2812 4938
2912 1042
10070 3752
2742 3740
14085 5289
5655 6673
4628 8225
15856 1145
3130 14591
8604 9158
3175 17637
6801 17766
12218 14392
5555 15405
8425 10465
1693 6245
3996 6647
14414 11373
9705 16506
17318 14913
3273 12850
16258 10324
3502 15555
10878 7715
12374 15542
15795 582
3397 14516
5585 2521
403 3679
8372 14060
7870 8353
4383 5756
4143 2375
16895 7439
9894 15576
982 11538
8413 6261
304 17320
11901 14612
2162 880
15440 13329
16410 9985
2810 692
530 12626
13122 14894
17335 17486
6323 2440
7469 3804
11576 12856
9563 11354
237 17862
15897 4449
15920 8964
1010 3168
11709 1706
14149 10690
1450 3488
7093 6674
4519 6654
554 13581
2200 3199
14074 14333
11207 5724
4911 5660
16416 12899
2710 5907
2787 12434
1793 12625
4438 7491
12947 611
15812 8291
9605 4410
13652 10203
16329 5709
10686 4532
12847 10674
4702 12893
125 8056
3470 7300
7432 2352
7791 17651
3057 11445
5470 15913
15847 16375
11833 699
13619 8295
14192 4645
13650 712
6780 7994
15185 15244
2563 13410
7175 16606
5071 7025
12028 11710
9923 12741
13833 418
10567 4999
9121 11602
9165 17657
16264 123
4317 9495
17527 4770
6664 3157
12354 4636
8303 13693
10229 17119
16678 1963
11979 1735
5350 8037
5680 8344
5963 2829
17492 10062
4043 5324
11539 5193
7555 11455
9429 17316
7330 16561
10154 12077
1799 1909
4273 292
16046 16774
5263 17266
11423 14358
8534 16632
2748 1049
10174 11827
2855 4547
2821 5995
817 6164
12550 17255
15315 10810
4117 11839
6631 3421
7833 2758
15938 7582
2373 4608
1779 1857
14673 552
17960 3315
7013 2323
12126 4255
16979 13375
8137 2663
7297 15291
14851 506
14426 12528
4714 5391
4127 3472
17878 6567
15731 14626
14262 10208
10952 16442
15300 9078
8397 2859
17583 13901
14176 4145
13424 9850
5500 11415
14562 2539
13060 8707
14185 10282
13739 2267
16467 11406
15165 9428
519 16937
16193 12193
15180 5126
17219 5541
13143 6507
2463 11420
11692 10210
14778 10481
12120 10959
17200 3359
16705 14461
2602 5208
12348 2886
15359 16775
6771 12323
17144 6298
6822 15786
7551 839
4323 4730
141 6118
4276 6734
12844 5556
6952 173
17692 12692
16331 4292
10462 13961
7051 13336
14001 17625
13924 4399
9159 12773
15884 2627
6550 12272
15882 7493
10314 14503
10923 8109
1151 7723
1077 6493
16434 6604
12310 12234
9197 2952
5832 10977
5916 5715
2613 12006
1850 9913
605 8970
4206 10367
5856 3627
12992 9337
10934 11136
6418 8629
11313 3037
3634 13086
14298 2726
4223 2271
14677 1440
2671 325
16062 2041
1319 11090
17044 16156
3033 10744
11962 1447
10189 17971
10347 2807
2693 16093
16875 16042
14794 3070
5909 14875
9499 2889
1822 3496
11012 9933
7821 10964
681 15197
13897 14338
10278 14260
17464 592
14000 2567
11170 11990
13566 16712
16915 6229
671 2464
7214 76
17188 9693
2550 7059
10283 656
2418 9675
1095 6071
2989 17460
7321 17925
941 10670
15543 15428
28 987
14439 5402
15974 9207
16943 5642
10828 2879
9187 5132
8266 10176
10731 815
1153 17212
494 14003
4728 10041
12177 8512
6625 9724
9350 2699
282 9255
16184 7925
10280 16212
1158 9651
16593 8745
5824 6832
10493 15720
15796 1255
14234 17610
9802 15601
13157 1620
17414 2482
5320 14440
8582 9867
3800 14837
8215 16361
9444 10749
12838 7852
5801 11905
214 11555
4293 14219
800 13646
785 17801
16241 16841
16299 3629
8364 4740
4155 5543
917 4905
609 11631
4090 6506
3403 2615
15418 2046
6738 16596
17412 17358
196 13532
2873 4771
13584 5952
4936 10722
10052 14197
4280 12285
1335 5339
5632 16975
3484 5487
14940 14763
16049 13563
3339 15888
2338 5183
1733 16123
4187 3178
10562 14007
9225 8237
12884 17768
5007 2565
271 222
3753 17163
3948 11593
17584 17233
2334 5025
14594 13989
8826 17658
14614 6722
2863 5717
9573 13700
17985 11862
1097 3581
4699 17338
6561 3260
11035 17168
8587 6728
12032 10374
4673 9908
16446 15462
10842 13942
10412 5276
3890 16970
14501 5444
10281 17596
16160 12471
16988 4197
6016 1548
3214 1305
8810 4676
3664 9324
5619 14909
1571 12778
8460 5101
16533 12105
3493 9965
16154 830
915 11246
3903 9511
16776 4995
1921 17099
12040 5252
4869 11011
4491 13449
1410 14834
5981 16503
17700 3408
7886 17467
10692 9970
7643 9340
15727 17037
7314 5255
9589 10737
9024 5992
9749 17530
13025 12382
4142 1318
3989 10417
16340 2472
83 10305
2947 1063
1545 11050
13450 4167
2581 8638
15512 13789
10135 12021
17564 1303
7922 7958
4129 2345
3045 12289
13977 13257
6216 8546
3084 10559
7618 2386
9636 16152
6221 13369
11837 4789
4767 8772
5332 12991
3946 13196
11482 5003
16793 16191
3702 5447
13006 9945
15210 955
9817 16999
6885 2592
3355 4087
13953 4704
9990 13994
4780 13678
11005 7312
17054 10745
2626 257
38 566
13751 14406
3563 7325
1252 3663
13159 14288
16190 11554
14705 8282
625 6784
10011 17710
7772 10067
12935 9084
3971 12873
15211 5492
5821 15651
6618 11728
15000 874
3459 1324
13270 7266
9755 13572
15819 10924
8258 2426
15605 15430
2867 17340
2647 4507
11022 11781
9060 12049
16874 10254
7633 13721
16549 15853
13750 9169
5893 8711
4465 2250
8694 5393
12356 12367
13028 13551
1214 16720
443 10050
4055 6177
8547 5303
13931 1058
4334 1176
17916 12732
16945 13575
16493 6842
10600 3254
10389 16630
3341 4448
3838 1220
7354 8616
13509 14666
918 3862
6957 14445
3509 15503
17707 12287
6256 10072
4657 9322
12102 11355
968 1163
17015 2794
5690 8625
2351 6448
12827 2661
4159 5292
2551 1834
3536 3267
2532 11244
10107 12124
13288 11226
11098 2220
841 5499
2824 5901
7687 13947
9959 4278
5906 5104
15565 12276
15519 2674
6108 2135
13099 7788
13361 4864
7420 7652
14900 13659
14693 7027
11520 15593
6181 2071
12579 14839
885 4511
12537 5001
6608 10133
15294 8868
11467 4412
2121 10219
9492 11615
16889 12877
15797 14991
1384 7173
13850 13860
1529 16871
2344 12820
6079 2590
5227 3146
9504 269
15122 12689
16687 17910
14238 7345
6576 10909
6218 3899
11371 10778
14487 16718
1576 14668
5224 674
6008 16431
11948 17560
7590 8675
12146 15939
17481 6186
15940 5283
3204 8172
12450 10302
8257 15609
9666 8152
2228 14051
3145 2528
220 6324
7628 11783
1432 4022
13430 7183
13611 14683
8136 3247
7468 1869
16233 4534
7944 6098
94 7918
11817 17136
9111 10406
9399 2201
12619 8920
4846 1055
11169 9241
17083 17954
6336 11758
14592 3919
16103 12493
10997 12357
6447 10656
11229 7865
9190 4643
8776 6194
5209 613
6077 9971
947 9239
6987 6886
16953 11646
16272 6705
8887 8165
17365 6247
12492 15038
16702 17645
13756 10405
16358 4916
17603 1069
14906 459
5788 14208
16056 16050
3031 17996
4948 9974
13106 3508
9008 12531
8036 12231
15830 433
3131 15677
1697 5726
17223 4063
12946 15274
1320 13590
13114 11457
4735 15131
16220 614
7751 17210
6744 11744
13271 9122
819 1665
3012 3075
9135 17422
17523 10516
3543 522
8877 2540
960 3174
15872 15425
4426 10794
4423 8038
2002 11030
8992 3223
2383 10199
2276 15867
9095 13866
10990 2332
1527 7112
14474 4894
8528 5341
10255 17068
3292 979
2093 5871
9568 16104
2289 5086
17349 15963
12959 4054
11580 10372
14752 8140
8890 16768
7696 6197
3336 4049
11276 1087
16420 8684
1743 15189
1444 16832
4966 11413
12802 17016
13710 6488
12546 5813
11469 14023
2203 15458
4834 4544
10057 3988
11647 12916
3675 9028
5127 533
2714 8653
3713 6562
11321 10793
17548 13161
10666 11999
31 6783
13582 1881
3504 12207
8907 8981
1525 11139
2769 2893
17850 6944
594 17254
14435 12383
834 12204
12886 5245
2294 6947
9936 10956
12628 9082
4919 6587
3329 6997
16240 2743
6475 873
11578 12060
1254 6866
3927 17450
8941 1043
5836 4784
14569 11173
4997 9702
1604 14692
3127 15767
11054 2268
15885 3891
2078 17575
2757 15663
8112 13614
11323 11967
11182 2916
5068 12570
2541 3128
4456 5223
16714 17047
17451 2409
7592 16414
11667 8039
5461 2580
14670 12868
6142 10391
16862 11713
13146 1726
9068 6052
7361 4413
10051 14069
12724 8718
4575 16302
2727 6684
4798 3787
9761 11477
5438 8278
14696 11205
4152 4213
14984 14964
15239 3674
10887 1914
11626 10319
12534 12541
17142 2645
945 15728
5872 11359
2390 13183
2086 16009
8089 14125
7509 12911
14402 11534
2746 14701
7830 3200
7965 11324
15434 6675
14934 16990
11114 5770
6490 16791
4505 14332
8960 17307
1117 306
3495 14603
1275 17062
3983 3640
13397 2921
10657 6057
16182 4903
11523 11417
6236 8390
9986 4597
12989 8210
17760 5616
3599 5769
523 796
9440 2575
6609 14124
4868 13905
5441 4835
15558 2637
8126 16552
8420 11876
4839 15827
14043 14760
9334 1642
16760 10265
12875 6992
12336 14157
3263 6542
8710 12443
8579 11245
14781 11325
12071 9314
11883 7571
5076 16967
10590 14639
6163 15742
7131 17336
14081 13932
16858 17911
3396 12192
6293 13683
10101 7451
6798 12264
8775 1401
7301 14411
2226 4279
6984 9681
6878 165
10890 11594
1120 14025
11096 1761
6346 17354
14178 8091
16704 10013
3109 11991
16876 10198
14810 5096
10760 5083
17072 16828
13545 8735
2896 17209
2802 8412
10295 6185
3043 11946
10054 17717
4551 8777
6386 6500
9962 9405
13300 15107
6649 8417
12949 11544
13733 4880
15654 14675
13598 9510
385 11955
9104 14478
16834 11452
12241 13149
1100 12121
13919 14811
3566 8695
5542 1553
6968 8273
8268 7588
10733 13491
17232 4
4166 10353
741 9682
664 17810
15673 7926
17889 14762
17536 14775
14655 8568
16429 16164
4025 16055
16688 15149
2582 4468
4902 17565
7012 5152
2218 15985
3618 3582
5431 12366
16451 5713
7887 9772
8496 295
15454 10758
17545 13613
6084 965
14735 15583
4863 10192
5236 10065
7615 1851
7734 14921
11517 6585
8252 6594
6546 10833
15393 3992
5200 2405
12932 11618
6377 3513
838 10847
12371 16112
4121 9446
2529 1149
6176 16337
2995 11786
9524 6232
4112 4490
11826 14387
3347 7610
13398 15429
2433 15514
13530 4807
16285 6097
7477 11394
14800 1374
15192 11099
12080 11952
15321 7900
12558 2665
15670 10402
13600 4368
17786 11192
17928 6150
401 8892
16739 15523
17183 13461
9009 13783
9261 10982
9646 5933
2684 16662
5 12612
5886 13248
2006 4496
16690 5527
8838 72
15502 5316
10378 17396
1155 12807
697 1195
10781 11857
10232 9358
9525 11909
1192 11654
11823 14795
2598 3159
17145 8544
11791 5794
6864 10155
5343 8669
910 1992
7803 9417
9634 11730
11186 11986
15067 8473
16017 2876
7197 9004
4005 6833
10581 4487
4173 5823
10509 11383
10359 1819
5057 3297
6023 3342
2517 4758
9043 1876
6699 8815
3774 14309
14353 17389
3195 3841
14825 14486
10191 15246
6824 16053
16368 14304
8709 8670
6860 11953
7211 13608
12960 11693
17133 4512
1983 4332
11072 1278
13889 15347
2494 17348
16250 7736
372 7784
2978 5582
14855 7624
15466 500
4618 15805
3304 13063
2115 5458
3877 2399
13500 13176
5195 16761
8043 5259
15469 15816
13981 7061
17547 1988
849 41
2542 6893
7401 13717
12316 4806
13015 17258
10756 14711
7062 12842
11380 12210
8821 8392
6941 17479
3952 16569
9941 9151
17184 6518
16179 8341
16971 1646
990 1653
3249 3015
13564 7973
7387 6844
12163 10069
1863 16256
6660 11863
17846 211
16322 1890
7562 10763
14110 9263
16648 15953
15586 10619
8915 2152
3827 17407
14708 4411
16045 16898
6726 10454
15771 12854
9215 239
6510 8581
1285 17800
12632 11681
16006 7250
8893 14267
17329 11081
1014 10345
8458 2395
16305 2488
2397 5270
17446 16952
2401 4691
16471 16658
12107 2605
12445 10587
13937 7268
1034 12757
4479 1711
6203 16088
4299 13562
2192 17764
4266 3757
13305 4506
6795 17472
3809 16460
13724 4792
14678 3486
10836 14056
5206 16842
9189 10829
12599 17186
9793 8858
15001 6899
8346 11644
7490 15579
3477 13777
8644 6456
7302 1111
7017 17549
2976 5584
2133 3401
13741 3772
12035 8905
4375 9432
870 2911
9368 2882
16136 1292
13644 7106
16520 700
5565 11007
5802 15156
14654 17605
9144 16430
16803 15080
814 9484
6964 5623
17201 15382
9747 10164
11369 14590
12300 291
732 2609
10059 9561
13037 8966
13153 8
795 5677
5998 14369
17355 17721
6125 2946
17420 5483
9364 17778
7885 11910
1598 7677
6714 12784
1433 12024
8123 10076
17588 17008
9542 13921
156 12779
17059 3460
1143 1261
16585 14521
15112 9529
2280 12859
454 13121
14772 10880
717 8358
901 17487
13316 783
5055 5041
8406 15438
7326 3173
8402 6195
14848 5743
16162 4549
6033 15
15104 17662
16140 15331
3309 8942
1423 14242
5653 10622
10260 12673
2155 8142
9538 16022
8448 3419
539 6467
1352 14505
1755 2591
1165 13660
12729 6588
1849 9
8796 17698
12864 16246
13840 4755
2905 4598
115 12189
13377 2628
417 5162
8701 5363
10658 14867
786 3926
10985 16586
15515 305
5172 17203
9124 6815
9843 16527
3863 850
11811 4031
4787 14808
1580 16944
2731 6939
4019 17162
16545 407
11836 4386
16051 12967
144 4354
6423 5319
4979 3207
185 13074
12522 255
7456 9890
951 17718
5522 8430
472 7576
14577 13191
14283 16071
1345 7517
8676 15962
1421 1414
8138 1550
341 4564
4023 17590
15040 1115
1157 5708
5800 6746
17152 6633
6183 10508
13190 12478
2030 8988
2193 1065
8101 8779
3096 12698
10628 17402
11777 7919
9426 6274
6532 7171
13414 15916
6786 5973
14652 12654
3061 14799
10351 283
8086 10933
6306 6597
9889 11290
15915 2454
11367 14716
551 8961
5795 9574
15524 16559
2029 8871
12739 8030
3625 12635
15536 3852
13259 14998
4355 8216
4181 2604
8422 10276
14476 10994
6569 16501
7238 15313
12214 2419
10128 12034
6284 6764
16647 9254
8097 8008
2489 8902
15621 10138
13467 4782
17512 1715
17344 1903
11053 2836
6321 16265
12638 2170
15409 17271
14448 4389
8196 13215
7694 7990
1510 17216
17410 11292
6328 6759
10321 2072
3028 15101
14665 17585
6932 9864
9822 16374
14425 682
17176 10075
7668 5137
15743 782
2606 15633
3665 16904
11206 12342
15678 15958
3775 4493
4756 15499
1827 9861
6366 17442
7716 7207
9018 12155
5890 16287
4484 1566
1628 4653
6903 1481
12398 13056
17706 4336
9759 7988
15535 7756
2691 5302
7608 4872
16825 10140
6187 9249
3454 10757
8844 6279
2897 5098
17626 12831
2730 13003
10550 8876
15844 14343
11327 12602
6514 2515
15898 15236
17034 1870
7134 2819
15281 8087
14328 13775
2595 3580
16386 4708
7076 2552
10699 17977
13315 15876
16080 6070
10660 8491
12964 11175
6037 3312
801 10066
12333 17540
6910 14116
8532 4274
15855 5074
8305 12453
17918 13024
10500 7813
15842 15194
8869 9389
5390 4294
12344 14587
1113 11651
8244 24
17844 3747
8354 11267
2184 3577
5124 10584
14524 10506
9475 15941
17006 17090
6693 14449
12119 12391
620 3644
17888 12981
6238 9825
6276 744
7315 3699
7039 16058
15969 1439
13205 8378
16077 4670
14609 310
1073 7050
606 16998
9751 7447
14417 17758
15646 9991
16603 8979
15881 17877
8012 9462
16529 2475
17504 3197
12701 481
1817 17406
16186 16040
8896 9359
4319 3160
13720 155
3008 8624
4633 8987
4304 7158
4569 13868
12722 4243
10363 6311
12088 17005
17777 1499
12993 15531
11196 15683
17906 1709
91 12898
2724 13736
2607 17595
14849 11637
17789 647
12154 6275
203 3229
813 13451
12597 4795
13763 7284
1552 13806
7229 10027
4440 14181
5009 6983
17682 11512
2514 6830
10285 1884
7058 10113
15643 4463
14381 8186
1371 14697
10379 13651
16921 6410
6655 7897
8192 3784
7835 4887
15275 856
178 6461
10100 13907
16019 4602
5312 376
1875 14410
7587 1970
15014 5077
2690 17769
10644 5454
9640 1393
9176 2977
9556 9102
3288 4073
2936 1871
5847 11033
5060 15343
15665 2708
10723 4107
10338 7522
8984 8330
14431 12691
16888 7196
15217 12577
6378 6975
15378 3851
1594 3093
940 6980
17193 2413
15655 17488
921 5980
14533 7549
8322 17281
1343 13517
1005 2021
15763 2411
8233 11966
4385 10642
11026 9448
154 10613
13091 13928
6419 2112
13249 1730
15833 4220
9056 11653
12671 7752
2366 6174
12000 11306
2535 11399
11307 16432
9722 7552
14895 2432
9653 10621
13394 6973
607 8562
2526 2846
4743 4542
654 5346
17851 17520
4242 16282
10446 10503
6658 846
5253 4732
16408 13906
8472 12278
5386 2416
5943 6436
2861 6954
17278 15061
4651 4232
12424 9996
13595 16708
16459 17049
3110 15645
11422 3371
4881 7611
17711 4226
7614 9161
15709 907
7257 6776
4467 3443
5075 16491
14479 14495
6837 11463
2129 6802
2733 12539
10724 10136
1363 5354
15312 6205
2410 4183
1412 515
17205 2314
5310 7448
52 13332
13389 11224
8069 6918
3531 8220
10117 10007
12564 2614
13175 5513
247 17101
16499 15834
1020 15136
15139 9291
8700 13241
8847 14193
16536 6134
11398 4210
11818 9145
2236 4098
13902 1033
11061 487
7889 206
17788 4663
1997 4205
3783 484
14604 8998
1493 2174
6415 4168
9309 6479
5215 13307
17230 8716
17459 14002
7484 857
6435 17623
3705 11412
6383 15004
10315 15270
15267 8982
9003 12187
17859 7147
13601 15975
15566 17943
1449 3308
15172 1217
17332 11722
10026 10375
5806 11924
9040 14514
11396 14553
17834 8611
15952 13083
12449 16369
16221 9117
15090 637
1922 12825
8749 8825
13966 12512
17521 14511
2079 15715
2909 10687
13446 11774
9041 1376
11792 17792
1019 4462
12275 12540
789 12099
4287 6409
9533 13298
581 7974
5371 7110
13117 13836
2130 7535
11059 1485
11241 3117
4469 5878
16685 2370
6168 2306
9964 17744
1621 6356
9922 4333
13699 7985
8242 8656
9282 7364
2840 5950
1104 15758
16544 15020
5226 11481
7481 15619
1631 14165
8634 4310
10153 5268
17814 17842
12387 2359
11581 4521
12384 3912
727 1647
8986 12334
160 9979
9127 13677
17408 16930
9620 10582
10390 3987
3993 5328
10678 14613
17040 15086
16736 12876
11882 8023
713 2919
17275 2422
10521 17272
9172 16153
7917 737
8640 15644
9245 2902
5194 12144
669 639
15426 57
17141 10685
16917 15560
17609 15068
10270 13752
16401 8972
12330 10304
13090 11384
6379 10935
2237 1059
7102 10215
11285 3321
17926 9237
7335 872
7720 15414
16909 11911
15549 4985
6224 1200
17331 1110
5498 16581
3353 2111
3151 15132
1712 7881
3079 16061
17703 5031
2298 13178
14227 11347
260 8918
5023 15859
1501 6592
10427 11659
11191 7766
11094 4302
16938 13085
11606 303
6458 10556
8692 8235
17687 9855
15065 12015
7019 10380
9703 1392
3718 12837
6103 4349
6272 8411
6069 10874
10250 4504
12549 16700
3001 6002
1011 11799
8445 9824
16208 159
13992 11842
11438 12562
9880 6161
7866 14095
12717 3257
5599 13293
12590 17559
14071 14441
3628 1109
16941 9516
5455 1498
15995 4365
7537 8969
4957 8577
15041 3678
17970 11159
16007 15575
14948 16307
2360 10910
17146 16254
2845 3482
4824 9019
11040 8134
7396 7550
5177 6814
9230 11535
5985 1503
9587 17932
1994 4202
6437 7714
17757 4480
12630 4557
9595 8067
9828 1492
1434 2516
1657 11195
17217 11915
6611 17561
11501 12763
17345 16817
16715 10589
4014 7962
9205 10732
2624 7146
4809 7768
11989 12026
11808 9901
1336 3723
7873 8924
297 2372
11605 4879
16968 2999
532 1917
2616 2322
15269 5716
15521 15240
14075 4281
9069 6511
17400 8240
17111 1610
7793 2874
13210 1184
14528 16119
11639 11704
9689 10435
13944 9400
17798 1692
6011 1086
774 12905
4621 1656
15511 13460
7708 9935
13264 3829
14500 3104
777 4631
4470 12328
2816 15835
6487 15044
15944 9114
16509 17098
13067 12641
14757 6132
8968 7688
13136 1904
12133 15029
17880 9035
1483 3105
6005 11462
296 389
15247 480
13325 16574
5686 15135
9805 13223
16321 8000
13266 9713
16810 1622
6691 5449
8540 13198
13319 5696
12700 7129
13181 12135
8314 14350
16946 6309
6868 17322
14572 925
17092 9445
14049 2191
14870 2284
2100 9697
2536 14919
10634 679
1818 15977
14935 7094
10525 54
15584 9663
10241 15374
13909 16127
13279 14787
3846 2987
17868 5100
13040 5008
14887 10146
4500 5627
824 12074
6301 14722
7161 8396
10899 9743
3880 911
8856 16415
16039 16111
12337 8488
4425 9092
1225 7498
14292 3383
14712 16128
4093 7857
14177 16433
12302 10449
16556 13327
2116 3917
17259 12794
4499 15427
13290 2820
356 7152
6464 13876
16777 17927
7728 8387
4805 11225
11453 3515
6763 635
1951 3817
6934 15893
14662 1741
11756 15612
10220 17538
17803 11609
12662 6940
7241 11968
12733 3007
17966 694
11889 4081
3275 1797
10165 5689
15406 13346
13138 13129
8182 182
13438 11778
16701 12642
3390 17822
11475 12677
9032 2559
15113 8199
12745 14045
1289 6034
12048 17994
6431 12529
8375 12746
7067 7222
8275 10575
10063 14141
14284 2680
15508 9412
11428 13227
10431 5472
14372 8478
6331 17066
15741 2945
14094 690
7787 9037
5537 7700
9034 12175
9907 7853
15994 8859
9285 9725
12194 1496
5697 540
6767 107
9910 3999
10564 13837
10606 1221
7953 8536
13788 16234
9818 17873
10441 14203
562 753
406 10854
102 8784
7566 8853
7644 10437
16933 12748
14656 17510
14057 4769
16956 17384
10024 9485
7187 3524
16323 12615
16271 8296
3184 3617
17787 4170
3540 2243
11981 2585
3643 8441
8665 1607
5969 10423
6498 10578
12056 9804
3120 12431
12650 11356
16800 228
6656 8596
4435 16732
13334 9887
14568 15175
14531 4781
13160 6128
17984 17643
2473 8521
12047 9315
3474 11814
6773 12219
10651 12470
16469 12969
8813 9509
11843 6119
6227 10256
15573 14065
7914 5612
8332 3119
2305 7140
3058 6062
15671 9546
2930 10478
1415 3590
3547 5412
13166 10785
12686 1639
17876 4707
10672 16394
3489 2826
6362 4739
3976 9002
3453 45
2700 6038
7976 11738
1369 10706
6046 12261
13849 12939
9177 17554
6480 17123
7442 2374
13391 5382
5766 3139
6282 2197
12648 4615
6908 1174
10523 14266
6659 17986
12652 145
360 9293
7081 3526
11085 5160
6502 12953
13180 1044
11885 11525
13954 12095
10912 1728
5940 929
1480 13017
9916 3639
11680 8855
5029 11065
13593 7218
15657 4783
17969 7462
3799 5718
15661 16633
14576 10528
4875 12404
4723 15098
1403 2632
11291 14004
8454 17728
7640 16181
8050 3451
280 10346
16723 1279
14310 11366
13158 201
14337 152
6382 10297
12291 6334
648 10348
2869 14019
7998 4563
3632 7779
3052 686
11666 15472
17867 719
4035 17988
14671 10957
10049 5257
2612 1066
281 7172
6553 15007
16891 1135
1088 1144
3778 16270
13834 15284
11691 12076
2803 2728
6091 17858
15497 13380
17091 1690
6478 15190
17761 11194
12973 16779
12880 8962
12604 5727
6826 13425
16000 2353
14421 14685
17636 16643
5993 3614
5384 5888
9857 17401
2828 4324
4157 11410
2076 7710
14481 10082
15813 17067
13804 13922
8697 9592
10308 12982
16357 379
5606 197
14816 3532
14347 3619
12306 14142
17617 6398
3349 17537
2242 15015
6489 8846
9055 1288
14744 7035
382 14707
4992 6897
15448 10284
13052 3680
4921 7385
1507 8064
5002 12519
5924 14629
9130 10826
10426 5775
4794 4514
17371 13447
10496 15986
9270 5809
11679 460
11253 6155
5274 17262
4513 12832
395 13442
15204 7224
13317 7072
6803 4508
7957 393
9123 15599
2394 8713
14384 8917
17195 16923
9022 8111
16397 15614
11089 596
14 13408
16168 3626
12624 4318
15017 7117
3839 16344
7414 7014
11216 11283
7406 7690
1807 9204
9186 10019
3480 5959
17274 12994
12235 2343
11747 6241
11608 17607
16691 16565
16689 17000
4101 6904
8646 7703
13877 11459
12853 16129
11829 6788
5594 16902
15850 3975
7322 7645
16524 1565
15417 4041
2185 5735
12381 16918
14006 5478
11337 15241
11279 11317
1125 13243
10789 6246
2088 162
4573 2128
13326 17430
10886 17124
4856 17963
823 4472
11751 14063
9939 9878
13353 10641
14860 8904
6198 3134
11018 1567
11270 2932
7005 6978
1800 8493
11261 10162
5140 17724
15392 5220
15501 11120
7010 11034
1959 3022
5218 17528
1547 3950
8935 10235
11278 15091
1828 146
9036 15447
5873 17829
7036 8318
15376 7030
15841 5406
1561 15780
1196 17270
9393 6632
27 3399
3609 14878
8598 15365
17968 3314
3298 776
9011 2738
11496 11541
1820 11557
12755 17770
5733 16919
569 7770
15082 14504
16273 14951
4102 15026
12926 1898
13698 5789
10761 4434
13633 6752
1185 6990
652 10896
2347 11877
6735 1723
12411 6262
12122 398
12888 16291
333 11858
13275 4833
3921 6141
6129 16554
5544 6188
17669 10707
16580 3812
16192 11819
6622 5309
12066 15147
11717 13453
11634 8051
4125 17655
11200 11514
16618 1795
16100 604
9875 4347
10688 9784
11584 11766
7046 9374
5443 17894
14152 100
14342 11238
2016 10161
2544 6956
7929 12533
8292 12990
16936 163
16218 4189
8633 17989
4078 11765
1787 4595
9613 8339
15400 6556
7603 13974
499 1630
3414 14783
6768 14128
10866 6637
9764 10116
13497 14918
8159 6028
11930 2900
11943 15730
198 2773
10932 15134
218 4931
14769 15144
1958 4160
14048 10438
8009 12050
12432 9566
3631 9767
1856 15839
9494 17572
13448 17010
15141 4965
12743 16428
2074 8060
17277 14082
442 15278
17763 7069
897 11513
12690 13404
8971 988
4552 10813
10425 778
81 4061
2156 11493
665 5721
17593 4387
8002 11641
4644 1826
7888 8527
5896 10881
14814 1050
5482 15110
7999 5553
15595 2005
11275 3026
725 14393
4623 4630
7544 6065
9803 15182
13676 12036
9816 3444
9148 8864
7760 6718
7290 420
13220 16818
7369 1051
14858 3848
13434 15290
3745 11419
2967 5373
14291 3729
10883 17382
17675 11767
4606 10463
4926 12902
1430 10879
580 5459
7681 10727
12174 11993
17546 13998
4224 17693
2084 3091
6343 16659
9308 904
11752 13204
7533 10188
13864 16627
2183 887
8281 13507
8362 7199
15069 5015
5260 8011
17207 1674
2177 2198
1703 9915
12186 8071
8957 8943
15752 5182
8161 3835
13767 2467
270 6372
3098 15222
9242 7415
8863 14513
3053 4254
5004 529
4890 7160
2179 12555
3719 485
6591 2108
9476 5625
1381 13308
4100 13309
13082 1796
877 14751
9088 14040
5786 10433
11228 10055
7847 11497
4775 6879
3381 5781
10784 7412
5407 12012
8302 3611
16373 3281
14866 17052
9338 5891
5337 11585
5058 3545
235 2906
8261 3924
14977 12461
4356 473
13832 2036
13388 15664
9794 4308
4524 13781
6619 676
14356 2104
11652 17524
259 11197
15181 5275
15650 5571
5523 316
12451 573
4922 1968
4408 10404
17539 10588
9672 11101
14199 3759
6861 12446
17394 4083
3978 10501
14643 7545
7712 11146
6723 9853
14862 12142
8415 5247
12787 7748
12481 10703
2784 3126
11893 13957
17993 7968
317 16098
9739 13471
3487 11574
1532 15483
10839 17206
17908 4518
12322 10299
8910 9883
7840 14969
7431 16884
7399 16436
8263 466
5305 10115
14424 1614
11350 10366
10728 2495
15903 13672
8492 11794
5115 1957
6782 17417
3859 2090
14749 15907
3469 7120
16910 2022
16981 13685
11157 9289
14813 6116
5600 3498
8734 14349
2524 16381
3242 10311
1355 14598
6774 13009
9652 11051
1459 10289
12525 9058
7858 17242
3166 5914
14835 17614
16483 9067
13616 14240
5658 15626
16724 4734
10849 5211
8480 17998
5361 557
5535 4016
16734 16399
14220 9796
15553 10903
5741 14970
6139 7346
2089 3820
4912 1186
4192 5286
9859 6104
6669 10671
8270 903
361 1237
13645 12678
4442 8289
4761 11682
9160 14702
9431 15821
895 5919
7950 9371
9128 11701
4203 11149
3635 10484
5750 11318
3116 11561
16860 2815
5505 5595
6579 436
2865 11600
8771 14320
4590 15837
5652 7296
3869 9814
4103 5874
4072 4458
10124 2403
7347 11620
4909 4104
14686 13427
14950 17077
3542 17249
10798 10332
10487 3873
5298 1813
17002 11119
9920 8113
15295 13413
11060 5662
16463 13109
5006 15703
15137 14489
8886 233
9827 9390
528 1222
15682 4380
7504 9545
11473 438
8899 17923
3649 12852
1990 6254
1605 14907
12708 15700
10422 10098
14743 12
4057 13302
3833 12053
1731 9156
10841 13282
9346 5628
5765 11165
4611 3243
17742 16133
14748 3795
15320 452
8862 10119
7983 10444
11249 1386
15306 3961
7839 11132
10466 13925
7064 1805
366 16742
16082 6200
8156 11151
363 4983
4599 13793
6240 10553
14345 1941
7293 8743
15840 8922
5767 13664
5669 6483
8789 10987
17864 12738
7095 5297
16393 15562
14054 2937
9777 1290
10214 7798
5793 8115
3290 7253
4760 2244
1136 7049
14618 6312
7845 15581
10966 6988
2441 4238
2125 15286
5210 16421
6040 9798
4559 12526
12104 1380
2804 7572
3941 5915
8081 6613
4917 3932
15012 16951
7524 17437
2570 17630
2562 11492
9774 10661
9402 5917
1511 4229
14573 758
716 12645
3681 14050
5547 3161
7349 13419
3089 13978
17395 2187
7370 3622
17191 3036
11370 16864
284 11042
16371 3546
4397 6368
17120 3861
14420 7105
8489 11397
13955 8158
16064 1425
13990 8921
12106 1420
4683 8184
12420 15125
5736 8931
1999 1223
9367 11091
1406 9217
17149 7546
7765 15726
11788 2948
12380 8780
6288 12123
12829 8554
9042 12605
14168 14989
14806 12496
15684 16512
10442 2153
7154 9014
2166 10428
16677 4004
2939 9769
15992 6745
5997 17058
5511 12303
12742 14022
6497 7043
11374 9228
16538 12978
16228 9316
12547 16984
12799 3261
4095 5062
3920 698
9892 11433
15556 14285
14551 16194
7230 15332
12271 16622
14179 13534
1093 17252
16972 9016
13830 12839
16280 13421
7184 4028
5678 12830
14853 2740
17063 5198
10129 11048
15084 13163
10091 1887
2154 10823
9461 13285
2502 11658
11300 16516
15287 5446
3225 6901
8898 3133
16992 4066
3953 11573
9001 8350
16474 14443
11063 3441
4609 4062
4231 9076
13704 2140
4914 10872
8265 7523
17035 5434
11797 12197
11215 17779
7727 9680
661 11965
15811 11894
5530 6563
2470 14556
13623 13848
13609 8025
13267 7006
9279 17773
13784 12139
12239 9272
9723 1776
17081 397
13338 7980
10561 11933
6657 6320
11326 13801
11104 7565
5375 16242
9960 14031
16607 3698
8652 2444
15123 4207
12038 16963
13859 3442
462 13142
16752 5409
564 7539
5113 10134
12332 3535
11465 3278
6349 17158
13576 2566
12296 14313
16986 9459
15495 5710
11515 17748
8479 1791
12894 3187
12191 1995
10702 4900
11193 4024
11527 865
13061 3786
7790 2094
8736 11861
4671 11087
1471 15205
16231 8555
164 1446
6741 10552
11427 5975
3258 13842
17409 195
9685 15097
12900 6058
9310 2962
15636 17896
6210 17323
17716 2963
7658 11141
12511 8249
12843 17920
1328 10396
927 9150
16059 14226
4577 3464
4248 8691
17939 15443
9829 15632
9113 13899
10204 8464
15235 16066
1464 13151
2778 5308
14155 1760
11897 7741
10512 1183
1523 6641
655 17647
7045 3986
6817 13409
8119 10103
16109 8620
8731 14960
15793 2189
10132 8206
6698 17667
1338 17194
12433 4172
10068 4076
16868 1052
6115 15318
8369 14325
8660 8524
4930 3728
55 4725
4981 3647
7483 578
132 13854
922 4744
11776 3856
12988 7802
2764 15691
17076 5010
6022 14956
14395 17550
15411 2519
4726 14159
17652 15173
8835 8104
5287 851
17660 14121
7515 10754
11762 6385
5955 2049
4648 9134
15831 17342
8952 17544
12388 4976
15096 16094
2092 8926
16456 5012
11434 13474
13959 17244
7977 14911
2274 4768
12948 7121
1708 10157
2888 3981
1390 112
12436 14308
5931 3510
17683 6427
2333 10474
16980 3962
17413 15589
4765 11105
13799 8075
893 8662
14657 5473
6737 14600
1991 9951
1915 1474
14087 5090
2277 16872
12355 10954
7260 10225
8570 8667
2008 4059
9162 14615
11702 14915
3527 1861
5133 6182
8663 14555
5082 1739
3420 10544
14164 1085
17290 8685
3417 14115
17782 13705
4961 2034
11079 15692
5951 4033
5583 7921
6882 10979
1945 17611
16438 6268
8419 5838
10152 3064
3984 15971
6026 2569
10704 8706
1896 11689
7457 16275
14348 11721
13673 14243
3085 4217
8176 14807
16976 7691
7584 3382
14400 12523
16400 7338
15662 17513
8575 15186
1572 5494
7801 14865
6394 17160
13514 13322
11416 5510
4116 14224
10673 14818
3217 399
5956 11583
17447 10257
8382 15964
9280 200
14820 8595
5918 15659
15492 6267
1317 9643
15640 6709
13821 9054
15251 5850
16792 11293
3112 8173
15309 4539
10569 3072
1404 15826
588 5175
11031 4826
11741 8105
1173 3165
2958 3672
491 11134
4270 7144
5097 7822
3239 9740
14311 5842
12037 10394
12172 14733
6310 65
6572 12983
17813 1061
875 16170
8840 641
12924 794
10323 2920
2898 13169
12617 11389
10034 5567
3646 11037
14747 17681
16847 14336
933 8678
8866 9783
16854 13406
2052 16749
11055 3951
1765 568
12862 16163
563 8679
14273 13401
13342 2256
15460 12438
15475 12190
7235 17991
5311 8618
14379 8769
11000 10360
16377 6865
9454 9379
16996 6881
1142 869
15899 15737
2176 1048
17197 17631
8093 12094
16342 15711
16991 17831
691 836
8965 13034
6828 10000
4603 10532
8993 5139
4664 6455
3439 5157
16534 8444
6871 11956
8451 16790
3086 1777
11236 2903
3594 13415
15399 17439
7395 3048
13135 1299
12851 4034
3106 11233
3215 1918
3233 2766
10526 7413
9153 8929
4209 6994
13488 85
1264 17503
3914 1448
12326 503
11488 17039
11156 7503
13892 9106
1720 13884
3029 4154
5790 13222
764 5668
2081 6454
13674 8754
13586 16738
1006 16721
12010 10524
17666 352
1072 10576
0
