18000
9741 11472
3519 12591
13731 7733
1602 13619
14696 15911
11664 2067
16358 2628
17265 17027
17467 12830
11499 10429
3013 15804
4960 17072
1962 17492
13229 14450
10198 17245
15314 14841
3550 13069
15220 10597
1498 7657
1187 10699
9451 17301
8928 4640
15272 4266
4951 6032
6308 261
3694 61
3232 14222
9932 15942
4862 8098
13620 849
1425 13332
7919 8885
9613 15950
14284 1178
6114 311
2671 9354
8500 12885
6216 2779
3202 15657
8333 17074
11864 14659
9312 8319
16281 11284
10491 1427
7401 2665
1908 8638
15014 1000
16046 13472
11206 14519
8956 16911
15293 14412
3701 9402
17349 4009
9350 15413
9826 10060
1646 17333
13384 17531
6360 2614
13816 13701
7727 12895
13756 555
17080 12491
6849 7117
10574 2051
670 2184
17363 3627
2840 15046
15576 5959
2264 15190
10419 13408
7328 13412
9631 14698
1428 15881
342 14883
14594 9360
3780 3681
3937 9026
1472 5955
13406 13868
14611 7971
7579 9985
8339 14184
12463 3791
4025 1240
2812 12209
9275 10341
5939 16444
10417 9490
13358 17
2240 14833
16557 14720
13884 10515
7643 10217
8921 7557
13187 17073
6324 8765
16659 15387
14379 6531
11242 14868
8872 573
15227 11578
13677 11046
4848 13754
4689 3702
5817 15122
9296 2270
1418 1354
7026 9702
6068 8341
10951 5376
10779 14313
14997 7294
14615 17489
14582 17568
2994 7106
9606 675
11281 2228
17549 10777
9686 8622
13839 7689
3009 11720
60 15711
10955 13486
10452 11225
2979 1177
5921 7833
17931 339
10853 13397
8560 7474
8366 7730
8475 8425
12801 4834
13787 6884
7785 5089
9920 11367
1220 6039
2072 11906
10765 5930
17231 2532
6043 15913
3443 14894
17920 11144
17627 6737
11317 16515
4088 12067
12140 6691
16513 14520
13206 14512
3284 12320
10963 15053
7426 17598
13888 4580
1840 3487
7107 1953
14082 15551
16932 17812
395 14398
4086 14181
434 2406
9300 6332
15886 12687
4744 16539
3996 12798
2263 9307
15986 9027
4280 9539
17504 14203
10030 12952
10595 12883
10730 13997
2912 17666
14100 8642
10614 2423
9710 833
9473 8986
3709 2826
8901 11959
7365 11016
4874 12185
2936 16217
11956 15605
2218 5520
16612 14758
6251 2685
6405 15719
14689 17851
4228 1032
15531 6356
9281 2837
8354 13100
7366 14866
9111 16946
17012 12866
13400 3489
1923 16098
8072 13961
6813 17193
13548 5142
17879 4310
6357 9691
3355 9585
13143 16090
10732 13018
3182 168
14155 4366
4077 572
3056 16416
2497 4971
905 17186
16677 15205
12247 6294
821 13829
16361 3191
12523 12547
13792 10462
8768 15136
9866 1883
302 6729
4964 9701
5590 10859
17157 14463
3429 8421
1236 6606
15140 17972
9824 10411
9128 12818
2756 4012
2401 13598
8713 1710
10143 432
5567 9724
16034 15464
4090 17704
3558 16743
8932 7560
3303 7619
12018 7780
2257 13667
5850 11296
6359 4424
3419 12922
8437 14267
1868 14322
1838 2120
4370 4728
9021 2227
17669 9775
12125 11762
16195 9758
13513 7592
5583 6161
6728 3049
11005 12060
2830 11125
13082 14586
2450 6503
8024 18
6649 14034
11969 14095
12776 16997
12001 6607
14451 6079
6775 610
15054 14579
8473 4578
12859 17462
16943 10178
10046 1545
5102 388
191 16699
3290 10630
6785 5074
12286 11464
16935 14446
12129 7959
11063 3351
2841 13402
5546 4502
6958 4950
17274 15482
4706 4800
696 1205
11607 1555
15056 1208
10647 14362
2906 10579
16701 113
6944 9604
14069 14430
3402 15538
9828 1148
8284 138
16069 14424
13200 8570
15022 17276
13979 11249
5135 4114
11707 17763
6211 2418
3885 12161
8213 16941
579 16950
10823 16078
5751 10941
17246 8508
2084 828
5059 7489
1496 7533
38 4579
17013 8275
12605 6153
15865 5657
8013 4963
156 14927
11625 10154
4955 5431
1778 12131
822 15087
13723 14991
3686 13410
13551 9594
6821 6482
6796 16710
6987 4070
8085 4808
1616 4840
15943 11910
9557 13862
313 4295
684 7069
622 1893
587 14988
11193 13703
15002 12646
13219 7141
3790 17108
10961 17386
6819 2389
15321 4446
12725 14220
12959 14840
17317 2168
10520 8002
7762 4508
735 9655
17649 15032
11528 7155
12301 8965
12119 8020
17760 14865
4273 14171
546 5309
13970 3928
13599 16628
5116 8338
2215 4426
7648 14094
5687 14975
9083 17451
13655 17866
9814 4140
15064 11390
1273 182
15992 17279
15789 8969
8118 1460
3868 8030
3364 785
2390 5807
17457 4880
2594 2750
2679 12975
3827 13957
9575 11944
12223 10985
11503 9448
1387 6083
1404 2259
7671 6825
5391 1846
14938 17890
10232 2845
13833 7772
4117 13766
10349 2243
7940 2660
6017 16365
17854 9505
3998 8037
6946 10918
15239 13474
330 520
9446 542
3308 11580
6046 5565
8204 8683
14937 11779
12357 5983
3989 11618
8776 1452
13174 1087
16836 12878
2696 6250
4609 14287
7410 14183
10323 3906
2069 4534
7172 15299
13108 10078
14871 13129
5016 6277
12391 4312
978 9993
10218 8314
6756 4503
14129 8054
14987 1737
2261 9359
12392 4598
12718 11475
5822 13607
12390 1756
4027 11644
17359 10822
13800 15052
10406 14388
14682 2283
4022 2385
662 5214
151 10657
7002 17291
14872 3940
14628 7764
7356 15723
11994 12602
8787 7310
17996 10959
9891 3607
17696 3915
17150 2719
926 16850
5346 7133
9625 7121
15768 8251
7074 9912
2937 12420
2876 14707
787 7341
4784 12364
5047 14264
11349 17749
3142 7399
263 1510
7406 13039
15254 9537
5042 6874
10879 7786
2633 12005
12007 10512
10933 13838
979 6100
6669 8313
9863 992
3363 15864
3060 11269
14479 12206
6170 16888
3079 4934
7038 10108
4216 3703
9528 11711
12747 9220
12607 9136
7411 1495
11668 13570
2619 12684
9718 4103
17884 16138
975 14361
6657 10954
3929 16805
16962 7470
6507 13149
17094 12342
7168 11982
3981 13564
14923 2909
12386 12304
5403 16716
10454 10150
17437 17218
8465 4944
12201 2232
3416 3908
6719 16076
17711 1777
5352 5120
6429 5729
5365 5672
9078 4197
15160 15384
17125 4993
17286 5953
5333 8015
14783 17078
6782 15860
15175 7524
11871 14906
6385 3479
10233 12665
7909 565
15041 6613
6142 2734
1464 13124
526 2015
10599 16251
14727 187
17153 4823
3612 4696
17620 13029
2123 11616
9944 7837
10027 2957
7763 5259
7298 5697
7188 10063
8524 8483
2235 15346
6537 7256
5187 16816
11916 15500
15304 17210
10474 11545
14006 276
5922 10372
126 12536
8145 10711
4085 11303
15715 838
17553 17259
54 13627
1338 14276
16852 12598
13795 4694
305 9252
12808 10480
10029 3900
15368 1643
17036 11331
16486 16237
5257 14096
15173 7404
1881 17727
7703 2889
2722 9952
8561 5098
1849 10640
10138 3647
241 11345
8045 2729
4935 2522
5819 12811
9125 15104
17227 17145
2748 676
13494 11587
12870 6810
1638 6394
14163 11274
6888 14617
10594 4635
16302 2791
13230 9130
6054 10882
1079 6328
15132 1952
8096 9589
16862 1001
8769 14318
13243 11275
3372 9414
914 13356
8722 2874
298 17398
10139 10459
1101 11397
13111 10211
15521 7830
17989 3054
658 11521
89 7622
1825 9520
16498 6212
14595 17855
7746 5617
8489 6065
7562 13562
15077 8551
4970 5078
17946 16050
15246 10057
2786 10971
17219 755
554 188
6742 2305
8703 12945
14009 3192
11362 4631
4010 3198
14562 11218
10335 13201
7665 9129
11572 2136
14556 14102
17944 13376
2524 1990
4445 15378
8022 2555
10646 12246
10697 9463
8278 9333
3026 9739
1035 7915
3258 13134
11365 17381
3298 1163
6833 1317
11282 12248
12800 13468
8026 15652
2112 15333
10905 3720
16820 2392
5555 5665
7865 3367
9669 3427
3098 13826
7437 9196
9028 14979
5253 11426
15694 626
9543 11815
14386 10409
17149 7213
2495 2483
14017 14639
2041 1353
2251 15114
13227 9547
13716 16921
6338 7093
6298 16276
3088 4036
15684 6589
7717 6667
14200 16984
1765 3350
11335 1423
2345 10337
11907 4274
868 11980
1768 3275
7016 17325
7754 2690
13641 11749
14965 5868
14265 9875
1606 14761
13992 5619
10428 6207
10013 2856
11006 2526
9873 5252
12851 14251
14742 8791
4723 7838
14621 13362
3601 4548
10338 3575
10562 9195
10469 11688
9818 11915
16992 10835
3046 4011
7866 16478
12817 5914
15204 14679
11485 10435
4659 8827
3215 15395
13722 13626
5292 13382
9016 1385
15279 8747
5508 12230
7308 15429
9749 6351
15117 4990
5245 14489
15209 6968
15326 322
15570 3507
15607 686
704 3888
3887 13417
563 17600
183 6525
16551 3862
1576 6961
15630 860
1377 16323
17810 6743
7878 16817
16741 8520
14114 12976
16538 9992
16168 3465
10339 10476
10856 4193
9047 2241
7017 16181
228 17848
4457 15811
17752 17999
11548 12122
13559 805
13632 7962
15566 197
8239 16709
14237 10361
9331 5125
17086 10506
13127 1725
14331 10193
5613 1339
3261 9420
4754 13319
7611 2198
12919 2153
14048 11912
4592 1796
13329 17127
5463 8624
7403 11585
12935 668
5434 1445
1040 14625
3793 3605
13597 10162
13049 9939
8916 10378
10867 11299
13500 16360
6603 8998
14644 2159
5027 5973
10131 8311
10072 5306
14701 14538
666 17742
5212 10836
17329 6260
5421 13673
5159 1977
17115 8876
10829 12226
9449 15172
2108 9193
11738 6334
16143 12257
15074 15068
26 8169
12963 1751
3453 3023
16762 14811
4093 7169
11108 12259
13631 16007
6376 4490
5387 5875
734 14045
5965 16970
14441 5653
15962 4304
3572 11546
7263 12891
2896 6173
6547 13182
11205 7442
6021 12840
925 6101
10831 7608
9445 1648
9032 16392
16384 300
11639 1123
8121 10195
2511 9948
13118 682
14729 7132
8531 15666
8092 2921
14942 12777
15381 15901
2194 13740
4272 16999
13753 10390
11602 1432
602 11067
7758 2341
7839 6646
5101 11141
10902 14269
4276 7364
5241 2246
3776 2804
13249 5307
16066 7568
16642 17197
14037 9536
11821 9261
14393 3125
13364 12042
17643 825
12110 4189
3821 6112
16317 8720
15783 1641
6676 3467
13772 15578
5221 4745
13010 8641
5608 9530
11094 11278
12182 2493
4056 760
10105 15274
15356 5423
2953 9708
791 1251
1967 8957
506 7480
15809 8718
16299 7007
15120 5525
2377 6700
12986 13525
2913 3675
13741 2177
10332 10554
7507 12601
848 53
15782 13553
6841 3621
12663 5513
13817 9892
12682 369
6200 12367
16191 11366
12124 3263
3960 959
8184 10214
17034 10789
17299 1238
5727 7147
715 6358
3755 6002
5271 1860
5648 2020
17656 7976
1879 9079
6240 3697
10570 11825
2078 1082
3068 3241
15371 7818
1412 8817
4925 1342
12539 2364
13056 17035
16594 1872
83 2091
9436 2132
2862 13432
15784 4049
12585 4768
16846 9302
1044 15972
6516 7879
644 13153
8426 357
14521 17054
15924 9238
5533 13320
15184 4180
16713 17018
462 5068
894 6582
3243 6619
16241 200
1292 9676
2683 15256
15583 3347
10398 1885
299 3614
14641 14271
6248 15322
3650 5066
6391 9475
4519 4425
12675 8222
653 7126
4638 13683
15724 1278
12267 9786
17390 10790
9949 15658
2121 9951
10629 6557
3508 13578
9552 12550
8861 12120
5149 5924
11056 17088
2769 1857
16989 17526
13618 9649
6769 4181
6914 8218
10112 6928
13004 16414
1680 17413
7654 14544
15502 14356
2867 9792
5006 14465
8737 2383
12638 14447
16731 12962
4954 3549
9101 16419
17618 6192
10622 1130
2881 5200
7455 11703
4909 2306
3684 8606
7220 7130
6513 1174
16883 6718
10860 11217
7161 1934
3378 6237
4205 17733
7585 14803
11891 14319
11975 12356
9324 16695
204 6570
13835 17556
15595 11334
17691 12270
15763 5857
1677 15561
14936 15084
7667 8266
15410 135
6906 13128
6128 3051
3825 9080
14375 3578
6964 5616
15024 3597
15904 3193
8991 11549
17202 1137
13466 690
7075 16866
1938 11033
10366 2647
4560 12322
2206 3121
16924 12768
16035 17582
6181 5096
11834 11508
12384 6404
17497 8402
12839 9411
9921 5048
5593 15510
2731 13665
11792 10616
612 10807
11860 15916
2327 5903
11599 7853
3119 16091
5015 10352
2302 3653
9118 1901
13445 13521
14359 13371
14411 5609
3837 4931
11954 6269
7162 1709
9241 3165
13622 4409
16494 12029
3690 15188
14849 12673
7416 3122
1829 13940
2668 5192
13786 17354
5899 16825
9812 15086
7721 4841
16843 15572
10310 16357
1517 14136
12093 1941
11121 1007
14427 15223
13705 17236
17926 5589
10031 2854
7227 12398
6872 10876
15600 5841
3869 13033
8753 127
3841 523
2798 7827
11689 5599
176 5473
15505 17388
14886 19
16207 5856
379 6883
11590 4120
6694 4853
10226 614
12020 9671
7425 5904
2199 12929
11185 9334
129 9623
17621 6859
14527 14449
12360 11698
17586 17791
15951 4399
5601 10263
13661 13730
12374 2363
10587 14329
4083 5072
16476 14977
1004 9225
9731 12603
12679 10282
3461 15695
2777 3071
12977 16963
4001 4069
6130 5097
7389 15315
7428 16616
17681 6689
16139 4655
14507 1363
14415 7920
13150 8942
11188 8125
15141 265
12368 16822
15252 3505
16030 366
717 1435
4084 4318
8902 4059
3036 1826
13777 2661
6800 7791
1783 6686
12577 4139
1198 899
15829 8529
1520 2562
9558 2126
8006 3986
17374 17712
14050 1364
9295 12092
1343 4670
17682 10717
13725 14989
15914 1355
10772 134
1549 12064
15174 7716
11848 5892
5798 2478
5124 14607
7424 14784
2915 2371
11323 5207
17958 11477
3773 12637
10328 3649
4876 8461
2238 16568
16152 10028
2666 6236
16229 12321
11377 14724
4432 1022
10612 2699
2579 9278
3858 3864
14030 12666
10171 17784
4238 6136
240 13322
3579 9934
15092 3214
10259 9170
98 3879
1582 14115
7778 8803
13802 11978
10135 17747
5624 6560
11010 1854
3163 17372
5575 16637
15489 6858
6314 14600
2530 2855
7736 1111
14390 6924
14753 2810
1280 12471
3203 1031
5326 887
9329 16666
3371 8477
8930 1997
16700 8217
190 3732
9099 16584
8365 12861
2063 16856
15819 428
3043 17988
16625 17104
6111 6867
11265 13212
13531 11043
7089 9385
11135 13016
12644 595
4727 12532
16844 4395
1558 13012
13167 17124
11513 315
9426 15946
226 2518
3914 9137
13484 11441
8939 15332
15137 12658
8454 505
1410 17725
16925 5759
8614 14817
7686 4523
13446 5823
9453 9556
12956 13165
15286 1858
5969 14169
2210 13221
10683 15379
13955 7542
7122 3932
4206 13879
5542 4666
17402 13425
6194 12583
5994 16339
9622 8056
15275 14643
14876 16234
14293 5248
9576 4939
13300 5452
6984 17214
17023 2890
13658 4248
16722 10239
2629 14971
11609 8697
14508 4538
6014 4294
7053 13707
1659 7031
2541 2468
4972 11553
6228 14150
17028 11116
16875 2991
14539 10665
17121 16382
4756 3931
13429 1114
10693 6457
840 7205
836 8480
11770 14032
11924 2975
6084 13199
1488 16105
14587 10889
13537 2139
13872 13934
7561 9859
15409 7009
17116 13377
13277 14792
10682 6993
577 9434
15098 13917
6903 17148
6917 4373
5464 5845
17155 14467
6268 9697
11405 15524
4949 1146
91 13902
17792 12911
13875 518
16807 10172
7407 9240
13904 4542
16086 16944
5667 5749
4311 5700
17880 2399
15608 13505
6281 4410
4521 10023
3389 16867
1283 9677
4454 15427
15126 12210
16531 7530
6253 15212
1373 10326
17010 6382
2178 7599
3306 12553
11432 11611
5755 11408
1906 15422
14731 16705
10221 4614
9806 11963
5090 4055
10444 12404
12192 5010
6184 11462
16011 8310
5330 808
8552 1655
16654 8911
7361 16166
13160 9784
8924 14694
17348 5084
15389 17303
5284 6060
5774 12767
513 13743
12218 5880
6940 8068
11042 14888
16190 15010
5397 16315
9474 1586
17762 12662
15717 7471
12484 4382
10939 9297
10314 625
4406 468
11706 158
11079 10726
8799 6131
10877 12412
4270 292
6485 9361
8795 14178
17470 12387
16622 17351
10912 12688
9060 4261
3783 2570
1559 11678
4161 698
14464 14603
15682 12455
4221 2357
11077 1391
17243 1063
7313 3556
8771 9577
14661 8443
15487 8385
6656 14915
13179 10927
2105 13577
11569 9372
13814 4401
10277 5014
9103 2489
6286 11312
111 8811
2596 14159
11940 16636
11310 5083
456 964
8262 7092
15616 13080
475 6202
3743 11262
9670 2880
5036 11608
11972 12317
5859 13775
17720 10291
8075 3452
5481 6297
6461 15988
1986 16833
13824 362
5858 6882
9642 2794
122 1698
12513 17103
9527 77
10901 9093
13188 15
12269 16102
5290 1450
10330 9980
6633 11070
13444 6139
9743 1875
12881 988
12319 8773
15189 1837
3341 8137
5413 9882
10273 5223
11458 4106
7484 5024
14458 159
15965 2332
14335 12626
9737 706
15157 10972
8235 16378
124 13752
4654 15847
17981 566
8821 5079
800 557
16264 16041
9711 4605
13110 14280
17323 5528
3807 4634
9440 5535
11962 250
4913 6042
11547 5862
16858 11732
8395 7519
12290 13514
7384 116
1 9672
977 11562
6953 12503
1469 1449
8312 4159
16223 3543
1129 8146
3742 9348
2897 754
17491 7129
873 6814
16600 9494
2597 6025
2229 14498
376 3893
7040 14153
1612 7070
8513 17991
8271 915
15953 8759
15441 12879
952 2064
17950 10566
12432 5598
3335 792
16878 11292
4174 6258
11343 16456
5548 4759
10252 6505
2014 528
16610 9269
1370 15752
17332 16134
8405 14670
9181 3188
3348 13670
7637 17655
16906 3270
16228 14952
1656 15977
17906 12596
6693 1673
5255 6365
2027 9213
5863 4749
14609 13132
15569 4017
12121 1379
6787 5659
6999 13091
7725 8565
17984 8196
1632 9722
4674 15786
9602 15604
5789 2209
3137 11319
1300 458
17947 10986
16611 1491
12372 14112
16886 1886
13265 8695
9712 14856
11413 14492
13287 1968
8078 15309
911 13912
1949 5417
3062 14062
227 592
13269 6988
16233 4904
16394 16930
15519 16978
1454 2509
14714 16988
8591 15298
6037 6695
13073 14870
7540 6553
16272 6489
4068 9744
8417 11934
16204 4562
4375 13948
1644 4233
14805 10724
13638 15123
1575 13137
10727 7224
985 13407
4404 882
14348 11245
10298 3851
12084 13678
16015 13205
11757 5141
6459 7211
9217 4160
17919 14514
3386 13457
14577 4433
5377 9833
13533 10546
8294 13292
1161 6344
934 1318
8891 6835
15078 8399
10467 17039
15394 14371
14128 14804
8424 11582
14825 2100
9984 13002
1305 5716
2009 5996
2016 10036
10354 2135
2954 12552
15871 5474
2011 15619
6977 9020
9102 5573
8474 5568
15872 5516
6779 13438
3645 5643
2247 14994
2528 15393
944 11076
8918 8829
7729 4860
14147 16153
11966 10185
17821 16013
3667 419
6811 3470
9034 9315
7645 13763
4089 13956
16763 2205
1931 14836
1466 5571
6611 4491
3057 3265
6771 15955
5820 10097
15574 16740
7687 543
9994 2598
16829 2449
7316 12406
2895 17052
14580 10600
8903 11096
9982 17250
1679 11110
4708 13828
14947 8715
436 8865
3170 17003
12876 9607
9834 14226
4289 11782
663 16482
14549 407
5450 3787
7621 10311
9371 1164
14213 12305
3730 9942
1006 11981
10684 17415
14911 16167
8889 12349
12222 723
15925 3654
5315 14395
15634 7344
3628 14819
6846 16150
16248 10111
14502 1782
2077 12225
9748 9076
1805 14176
15149 4671
4896 10639
17703 8838
15446 9734
14208 13473
4298 17315
13653 781
7676 9909
6572 4194
8549 15180
1430 13985
8042 9304
4515 14754
15958 10486
4031 740
14706 6602
14728 9389
14557 2407
13773 3008
17757 6861
9462 3143
10602 13708
5000 17697
9673 16216
2179 9367
11127 9717
5985 3665
5411 7593
12051 5990
12111 7966
9492 13436
4340 9554
4329 6716
16286 11507
16951 10019
10906 13094
15621 7033
3941 12445
6193 9335
11750 1402
16575 13664
12535 9703
15399 14301
15725 11454
1420 10620
15575 3772
8533 7775
3174 6316
11989 6559
11240 7930
13224 14992
13405 8178
12683 2575
10899 5720
6085 9173
13924 14352
6511 903
3566 15080
5075 10601
12032 11399
12627 4096
4889 1736
8658 5623
14016 16813
8434 5301
9950 15154
3305 17337
9322 14827
13889 16475
1914 771
5995 9274
13910 1988
9568 11478
9112 6033
3897 3606
17745 8206
12954 7813
10445 11533
16177 9549
7862 7617
9635 6856
16729 17084
14908 3624
4307 15563
2772 13694
15158 5115
15944 5460
15250 15863
15650 8164
5561 12003
9444 15659
5782 14225
1609 6426
6574 4024
1930 11493
8895 13919
17009 11418
5997 3269
3501 8343
1061 8349
17517 1154
7974 16540
1969 8572
8230 2130
619 5877
15644 16097
14334 9369
4976 16720
15388 6266
5715 13991
5478 7057
15540 4617
15967 3857
6954 5349
6224 3428
4989 14933
11538 8187
17134 1518
13669 13090
11260 809
1243 5757
14768 13359
6104 15907
5156 5401
17663 11842
17535 3488
1252 14928
11686 2678
16405 4166
7297 13939
17645 13280
1691 13788
3354 7942
11233 8589
1721 10052
2321 14858
3184 15023
3902 2138
9865 15742
16039 8652
2839 17808
12641 11327
2248 9250
12924 12340
482 9232
11149 2242
5971 5334
13807 896
4173 12873
15320 3254
8043 15930
8694 8899
15310 13312
6119 1907
17520 636
15138 1462
11726 1038
16417 13558
9941 2073
3446 12433
9117 8064
4376 3548
2342 1869
13176 16656
17458 16108
12508 3107
12090 4478
9288 340
16380 10292
15259 7085
6998 7697
7116 11598
3725 368
13290 2808
8586 3376
17551 2621
14122 5208
4146 4739
13943 1515
1490 16101
2625 7983
9808 2833
2659 7989
9017 14493
14533 9042
9822 10144
9580 41
17868 14568
7011 17828
14563 8702
14173 9728
7060 9273
8590 10408
9427 6521
16154 17970
13015 12441
3235 14513
13017 7520
8527 2062
12396 14973
16853 1497
17122 10969
4751 15931
5322 6608
17158 6558
15050 12043
7102 1474
11766 12312
9084 4287
6610 3024
15697 2292
11181 12804
5314 9127
7303 507
16830 17106
12324 5467
4864 3767
1068 13025
7755 13914
13123 2945
10505 293
10992 8851
10483 256
5586 17870
16965 3334
16075 16653
5228 1668
8860 17281
16084 12588
15631 15849
454 10551
2942 10611
16994 8790
2560 15039
7572 2802
10869 6291
539 7373
12998 16797
1943 3699
6974 15535
16658 12858
15615 5557
2147 806
16799 4021
17163 6390
5795 12105
13923 13660
1830 1512
12931 7228
6790 1585
4368 4610
9149 12875
4411 3100
8934 11304
12450 4359
4714 12512
1861 874
9864 8951
17876 14258
11356 4777
14880 16047
15790 7239
11659 9450
3943 8820
3277 74
4782 6496
6715 4653
15090 9455
17980 4547
7831 2882
5686 10775
10670 7655
8584 13742
12855 7576
15156 9415
11997 14401
11057 10977
8675 7261
11443 442
12076 9077
12116 7269
2873 15999
3835 288
14323 13674
11220 11627
671 11676
5433 15370
13987 12049
12107 10375
10034 14151
4565 8201
9768 3584
4571 9365
14823 7306
2106 5310
8684 4170
14680 12949
12302 12900
15233 7811
1613 17773
7264 3073
13456 9410
8516 16136
9696 14968
9200 10254
2610 16783
9641 5654
11739 5233
13383 8848
16470 15803
2939 13508
17082 3602
6235 983
132 17280
15366 2916
700 1636
16176 7802
3279 13374
9829 7521
12691 9176
3004 16565
3992 5359
4660 10828
2715 6682
12100 7192
2550 699
6916 13600
14135 8762
14455 11961
9947 6339
16800 10631
15954 14483
527 15062
17587 870
15582 9742
3384 15518
17787 15636
5280 17789
14027 5160
2765 16120
3345 14815
402 359
16240 5240
14771 11756
10929 12470
6784 14925
16736 13871
7720 2289
2351 10773
14290 15952
12827 14435
7173 6915
7681 5185
16735 6562
11084 8372
105 5033
5554 15663
1580 17953
5145 730
4611 16275
7518 2632
5989 9194
16113 5197
5134 679
5 4245
13751 16406
16180 12070
16953 15564
1713 7238
13121 13295
12964 1890
2189 2832
2461 15840
8709 16864
236 2255
11691 5883
14602 11532
4178 16298
9169 7111
6651 10487
15003 2574
14343 164
14525 7810
5164 16681
12582 6484
3108 7770
6243 17590
5935 16445
972 15167
10749 14684
8170 13569
13443 16686
17242 4645
15751 5287
16162 4288
12771 2593
3517 3481
219 15099
15148 5890
12694 10033
11650 12314
17356 7170
7412 14255
2823 13204
6990 4554
586 742
6159 12786
10761 9001
5642 15741
1485 8822
11336 6081
16274 10365
3480 17472
15498 7049
10965 14420
13864 13541
17132 10550
16313 1002
13259 10331
14057 9352
5539 7902
7899 3878
10197 1797
2354 16429
216 17628
10791 3970
16746 7871
16348 5163
10132 12493
1788 9823
6162 9187
7037 6498
7624 1944
15555 14986
10160 14983
9990 16811
10484 3285
11212 1337
7846 5696
8660 12676
2366 17385
9347 14402
12335 4806
16810 13220
949 1817
16733 8650
14247 3065
13216 4855
8554 15590
16996 17063
12752 9104
3463 4895
304 3828
2525 3294
17432 14813
7995 5093
7050 13557
5988 11425
12062 5607
8129 15390
17267 17412
8195 12444
15222 7323
12903 2355
2046 3155
15291 264
10588 17471
16266 13413
8427 1037
13815 2746
14882 6127
15523 8001
10564 3618
9140 2620
3398 10956
7894 12197
14774 12565
14547 7139
1915 16752
16598 17004
4563 9538
6877 82
6264 4480
14091 4438
15845 6638
16849 7773
15562 12899
7047 15633
16295 17459
4843 237
6227 10196
16973 15348
6854 12736
2187 11759
16812 2154
9171 8028
4857 12478
5911 5896
10 13423
2258 1615
16808 8596
13074 10678
11626 16363
1463 8782
2496 10739
5986 1455
14530 13581
9204 2878
16707 7849
8488 15637
1581 6680
4319 17903
1107 9113
11154 9654
14263 8993
12734 13022
12039 16459
12579 16485
15121 14418
1666 1553
13680 10294
10064 15247
6172 2320
7812 4621
3965 5537
4900 14369
14397 6542
8873 1793
13203 4832
3196 16510
5114 12098
5034 4035
2982 6199
8135 336
15341 14554
3022 4798
9429 12235
6177 4830
6837 17290
10481 1113
15927 10189
17701 16824
3087 2316
4497 12589
6109 14039
9999 17709
4455 17396
14478 15892
1896 16144
974 8063
5746 13834
12740 16985
6876 10183
5370 14368
12160 1184
10833 13433
10003 3852
5424 14873
5313 16250
9869 16504
9685 15360
16270 6730
17518 2082
4584 3758
927 14869
15401 15889
2951 8342
3336 514
13497 4321
4485 15213
17689 10123
479 10841
7603 3361
3910 2421
1604 10461
8571 4224
13048 6875
8995 7100
15903 6052
1695 8117
12546 4620
780 6305
13515 17735
11514 6366
13625 3977
4918 12917
4208 13113
3394 17891
1814 9337
17564 11524
10058 15143
7874 404
5341 3803
3459 5461
15982 4414
17287 14503
9303 14918
13428 7280
1589 683
1357 15147
2612 6384
10477 15592
14627 13272
4867 9470
13749 967
17513 6449
6634 11680
12514 5799
7458 6972
9306 16390
14170 3691
12505 6093
5787 11393
1809 17688
5676 5139
6569 16477
8357 7536
7068 12974
3058 2606
11806 5596
5832 10537
8074 1331
11489 7282
2275 3570
1676 12215
6353 2150
9344 2356
1591 271
9924 17005
5113 13993
17687 4060
11387 14074
9807 12325
13542 2170
2901 553
13302 3995
10447 6137
17135 11308
11376 13496
4982 7626
12150 12434
5640 410
7304 13222
9321 9926
9432 1740
5622 11634
12050 10854
7877 6839
4259 10128
8157 8179
14900 13357
14575 17761
429 11237
15198 3185
1917 1145
6581 15127
11038 328
4149 16460
12208 10000
9678 9441
16914 3089
588 17033
5650 1152
17579 1181
5560 1661
17031 4642
2101 12431
207 9612
9262 4997
7360 17738
7295 5916
17718 6512
11885 16353
17543 433
12268 14482
4081 14735
3152 9179
13732 6912
13114 10079
1920 4014
16972 4593
11162 17554
4718 1319
14777 7351
2963 12211
12489 16374
14515 8246
3657 2720
10708 1963
15516 10634
5153 1573
5794 4833
16247 16123
2853 7377
3260 2547
16983 8438
681 2125
5490 8490
4894 6827
3368 11976
3498 1919
13301 971
5917 4345
11713 15969
11186 819
7336 15459
8583 7021
1803 9340
12277 9437
11283 3135
14775 12680
10327 11255
12438 17928
14631 8708
2378 5291
12393 3210
14830 8847
10669 15342
11214 11410
1926 13325
8943 2985
3759 9574
3267 15758
6044 16258
7120 5984
6957 6178
12069 16457
14157 7491
4419 5842
10768 426
8014 6765
10238 15880
9055 10598
12901 2116
10412 4552
4831 17744
15820 5987
249 6337
2707 15805
3895 4698
11645 425
6955 6092
5732 11856
8113 12997
17331 5265
5852 6934
12754 7858
14745 6717
15635 12738
14061 7302
13926 6986
7441 9581
5388 3896
9226 12299
5318 1639
10671 14358
17955 7965
3626 2501
10373 2304
6430 8588
13467 8800
6850 5778
2007 7461
17603 3907
15146 9876
10529 34
14946 4050
850 15514
7875 11438
11911 11050
10216 7115
392 1548
6866 12103
2148 14289
17934 2742
7625 4596
2050 14396
14076 10702
10347 12191
5211 9849
8509 2871
8534 15345
6583 16821
2410 11132
14081 10500
11677 8792
7465 10806
8361 14651
3104 9373
10584 11482
4314 8866
9030 8996
10638 8403
7565 1350
12071 12961
6848 14919
8279 9163
3990 11665
4246 7112
17230 2109
44 1128
1287 4796
10610 1456
5455 16768
8620 4680
1201 4335
7284 6630
11794 4265
12388 15670
1055 8057
4383 7343
3449 1384
17079 12145
4618 8274
2453 12778
5740 17881
6148 14541
7326 2672
4230 17705
17411 1942
2353 14172
1259 13951
268 17768
8687 7045
3585 7463
7210 3251
4541 266
7434 10325
10950 5012
15606 12714
7207 5873
3891 17369
11793 2197
10811 13602
2944 5325
5425 13988
2807 15938
1330 7873
17253 9858
13506 17625
13440 3969
193 11095
11657 11719
2706 11671
12106 13747
488 15335
4163 12774
8576 15769
2010 616
1755 11529
1590 14623
7916 17483
5932 8173
16355 16200
13064 7059
10482 17778
1742 6446
8947 508
7216 11699
1731 3441
16809 11358
17298 2394
4305 2770
9245 1658
1183 11497
6107 3438
1579 8547
10994 6392
13996 16301
2885 11845
4212 13561
10315 9010
16905 7490
13085 8244
11648 7149
15778 16834
5362 13605
11709 9600
3934 11941
15520 9560
17083 2300
11150 1516
7612 11313
7042 3775
994 7452
17954 6352
17204 15339
14374 13784
17979 11519
8705 14143
16116 15201
6628 16194
5162 5753
14890 2431
1499 10386
10246 5991
6641 10368
10090 5920
12799 9894
4837 10479
8597 8749
5818 14810
12720 4588
9493 16059
11576 5279
7616 2475
8321 6283
7552 15781
4292 40
4301 8519
1267 4856
9263 16239
15433 2709
17346 10443
14067 4622
3577 15759
17184 9562
1298 1026
14089 16730
2036 1144
7706 6522
9214 4396
10049 13106
11697 1924
16001 4882
16340 7907
16465 17140
230 12184
6794 759
9535 10767
6803 10360
8870 17367
8834 15049
2343 10322
17048 13768
9773 8331
1439 15923
8994 2245
16942 11577
17404 10115
16708 6431
13442 7588
7073 7547
6929 17874
11909 8362
7658 11630
1309 15836
11020 5621
10448 11876
209 14785
3422 14439
15791 12026
6282 17960
10213 11495
3195 498
9878 15473
4177 15178
9727 3342
10809 2131
1748 2201
12744 16574
13282 3405
6832 12214
15257 14071
1970 2588
9285 2938
5029 11297
6536 2927
9159 10747
8744 12999
13148 10919
15484 13547
16948 14597
5347 15267
184 10296
7226 13448
1753 6708
5480 8801
7013 13586
16903 7633
15959 16467
11226 13687
17932 13936
7752 15800
4533 9817
9158 16306
16712 6075
2554 8451
3679 14834
16522 6631
15353 12766
13232 10687
12166 13946
11555 11097
5293 17577
13284 7431
1134 11897
14304 7252
5308 9191
7900 16785
13596 6983
14752 15351
4296 17067
12313 2684
4948 10439
4940 5758
10387 1996
10624 15282
15007 1770
14959 5496
17032 16263
9489 4994
14828 17557
8346 12628
1314 11662
17937 6760
15770 2402
17885 17976
5874 12600
211 17185
6472 445
2956 11363
7433 9351
9234 8123
3899 5462
10142 7652
9119 12537
14629 6004
1401 8436
10067 14376
6402 1325
17552 13050
11565 4434
13812 1925
17915 11649
4030 3005
10248 9966
6586 15152
13909 13495
7535 16070
10819 11196
3804 5652
2161 7704
10585 2674
5639 13712
1780 9280
17544 15316
10393 15411
3777 2675
12950 15823
9910 8404
7163 17852
1197 8869
7251 12904
13849 12296
12415 8867
4641 14408
2322 16067
13421 1446
424 52
16491 3833
17394 10709
8458 5383
13107 8317
12498 6233
11741 13739
17481 12198
16500 16580
13097 13689
370 12944
600 13629
16441 444
2403 7610
8154 1242
7748 13714
14618 4336
102 11621
11685 1367
12618 8141
7334 12483
12298 4545
5339 5519
9504 17316
17522 13485
3761 2424
3410 14161
7329 12351
7710 15289
6879 14223
14283 3200
16481 3194
6897 6648
4697 3297
15861 4169
13479 15060
5263 7466
22 7214
14654 14078
12377 580
17913 16993
7964 15133
11614 6637
14686 12419
3039 17406
4477 12288
12791 2211
854 13305
3250 8707
17826 16443
9846 4637
179 16335
2414 11501
8408 12545
16837 17001
16624 4171
16401 9730
1140 8779
10473 10839
14523 13527
8052 9916
1776 9595
1033 6443
7081 14699
13246 9793
9188 7803
351 5031
13882 15653
3412 8305
7935 14103
2517 1081
5441 3856
4760 17670
7559 10990
2173 4802
1903 9487
8119 10649
5404 3037
908 5282
4734 17223
13999 4437
5889 6141
2698 16026
2762 7320
3320 3801
14448 929
4183 2387
17091 443
13636 9787
16290 7931
17487 16381
14124 6948
6219 11467
13941 5952
11640 231
9974 13361
4225 15649
8649 11350
15661 10613
9896 1597
15248 10039
16631 14593
7867 13587
2601 8010
501 5133
12089 7525
11714 16336
12615 4182
13411 13392
10996 8380
7094 8237
11895 15727
763 2491
11901 6150
1015 14662
15743 2681
12333 7556
3717 2186
6067 15483
3181 13976
3564 15905
12909 10753
11922 3553
6145 16573
10692 13929
4349 12783
9523 5375
7698 10464
7189 5597
9392 11797
11554 14995
1053 5651
3034 5420
11306 12681
16383 762
500 17945
17993 9616
14452 13207
11241 2280
16516 448
1386 9850
420 2068
6399 5225
6947 14036
13375 8671
581 8691
11465 14663
16585 3905
12640 6304
14286 11370
9905 7268
10498 15407
15224 312
45 10281
17345 7202
3016 14741
14423 10405
3974 11341
9483 3035
2607 2941
1547 16183
283 16512
15580 15543
16407 222
8245 895
13971 15707
3946 2884
16558 11696
12408 14205
383 1527
11592 13139
11360 7798
13151 599
7541 12819
16660 492
7221 17192
16696 12380
5399 9931
9325 10011
10426 3534
13640 7660
15660 11479
17156 4546
14080 3296
4629 1226
6035 17961
15455 841
15067 16397
7191 13666
15450 4271
15833 14981
15544 57
12134 17782
16599 17030
7101 9853
11687 14852
17070 5851
15935 5100
14085 4123
14506 192
12047 1839
2294 4372
6400 3664
12614 9135
812 4074
9902 9024
13185 16748
2333 11840
9342 3959
7200 16786
3870 8486
4211 9156
11487 4108
9928 11204
3753 13239
5644 3631
7609 3033
7436 906
1150 13913
9935 13881
17871 16673
15704 6287
2835 953
1831 15844
11552 4250
3568 13035
3460 2552
199 4126
11735 16967
5631 10490
14054 14926
13797 4869
6442 10517
8198 14920
15553 10521
11730 15632
9161 530
2193 15797
12310 6587
3872 16917
8364 13646
11424 3357
907 10077
8175 14392
4101 1235
11768 1649
13672 16855
13726 16870
2693 15613
9571 10746
16840 12006
13291 14962
10524 10615
16304 921
11637 594
7087 14383
6279 9375
2717 16025
3532 13945
10653 8281
8990 11285
2029 15765
7728 5449
14367 7685
4201 8528
11008 7948
17710 14624
775 10091
16160 7342
996 1395
10242 11832
9512 3070
7872 14028
11561 769
16368 8384
5566 11619
15579 10541
8290 15196
6655 8060
17128 711
3655 11374
12187 13962
3248 13595
843 8905
13981 1894
3766 2288
11203 17025
11859 6976
8031 1954
11137 8234
7794 1921
11805 15101
6144 1535
9327 2931
8387 360
10475 3528
1263 11718
2705 13011
2743 9008
3956 2013
11579 12260
9088 186
16430 12690
6663 2309
2580 3750
5760 713
4945 8896
5664 15929
9735 14227
14924 358
13328 17224
16068 13589
16242 5946
4769 6452
11734 5550
13147 14113
8647 2145
5238 9972
5767 5038
4486 6627
4672 13757
12597 11386
12715 8071
12575 80
1855 1811
10722 938
2567 10343
4176 6799
7913 10363
7456 9596
4644 8536
538 8627
4234 10948
4450 7787
7271 9764
4813 14168
3377 942
11460 8150
4540 11173
11879 5276
11138 12519
8471 8491
758 17509
12010 14666
8073 8781
2303 2965
13980 14782
4967 14014
10909 14598
4873 16669
3540 3882
2362 3644
10450 14528
17118 13317
6393 16588
11258 6132
8680 3190
10888 13984
5906 17401
16133 2429
15656 2396
17865 15756
3291 13140
14559 7946
8 474
7371 9227
8893 1014
17672 7498
47 13502
5453 16403
8445 1550
7113 5316
6588 17837
2527 421
2224 17007
10974 10356
14160 1264
2352 7408
749 14005
5402 14273
17026 11064
15609 14475
9044 2276
4323 7311
3818 9534
12065 9366
8101 2926
11886 17093
224 4825
673 12426
11221 14711
8124 9548
9598 145
15933 17508
8682 5146
549 4910
15960 8415
14346 5710
6815 1186
6981 12888
10884 12965
14889 10535
685 1403
12295 1745
11715 15470
4202 17659
5345 324
575 8351
12948 14400
8962 12169
11760 5701
8607 12792
632 8598
11567 17144
11357 17087
10898 3388
11502 4564
736 6820
6938 9057
9772 11767
7532 3569
11496 11838
7967 13489
15337 2708
17203 4354
11120 16956
2616 6886
6754 16529
15691 10656
2663 725
3218 1614
2846 17776
1248 11778
5230 7522
12383 15557
16718 13077
9652 8966
689 12303
12031 14456
5534 9056
13552 6247
9922 3130
6299 11215
10983 6361
5891 6091
13681 4712
10158 4499
3077 2637
10843 1017
17100 7447
12611 17849
8743 11600
15560 4121
15163 1662
5615 4901
16074 7054
5140 14649
6155 15225
14041 1028
481 17940
3774 14524
10618 2499
11747 13079
5620 615
1540 17456
10068 15596
7494 12812
8948 9177
2432 8269
1950 10690
15664 11338
14561 13720
12054 1212
332 6755
8492 17842
10689 13370
14592 5543
8587 4763
9800 3939
2824 6120
8958 282
5151 4465
5304 13226
16096 6183
12479 7212
12205 5808
1239 4602
8468 14110
15363 10288
13471 5108
8432 16322
486 2513
17665 7367
10677 12835
16198 17596
16319 9660
7058 14874
13306 6103
7842 12327
2281 4279
3662 9011
17724 13065
17869 6413
6881 940
2995 11632
17111 3687
1812 9172
8890 5239
9907 4061
6826 7796
4229 16501
3610 1210
7422 15780
6768 7876
7421 9400
4343 17803
3832 10674
7709 10796
15728 15439
1998 11326
12451 439
6090 16057
13630 14148
11080 13096
491 14391
8259 691
7848 697
9048 17559
12549 2412
3611 13252
11597 2350
8128 5003
15994 3593
1218 13721
11402 16088
3390 10224
477 9756
7460 6798
17816 852
3754 68
16307 17455
2902 11442
7905 810
7249 14274
1913 12506
12932 9465
16182 3276
2030 13696
16880 14634
6764 9690
6471 16778
11361 2751
6343 9259
12053 2314
11729 1834
17347 8493
12015 6463
9346 14757
5813 4362
3555 2171
10998 15512
8844 14899
8883 2244
8463 11142
14011 16451
16278 4663
17717 621
3676 15300
17285 4794
3978 13896
15937 14626
13066 11522
8132 9284
4275 1720
3640 12468
12863 7822
6185 7257
3207 5088
15434 13635
1124 15859
1224 73
12540 17574
6672 4412
11246 6734
708 14892
17546 9904
1531 7808
15618 2700
5447 9783
12884 8936
17407 4356
884 8917
120 9637
11198 3525
5476 16804
2514 7740
12115 6220
15987 17273
4943 2618
2651 13656
15004 16640
2451 1442
9540 9294
10024 14156
2476 3222
9750 7623
16337 8894
3542 210
11624 7409
3586 13610
4067 5053
296 15647
5879 13900
8033 7481
9567 9031
4365 12456
17846 11803
1771 15011
5105 13651
16452 6744
2539 1566
11295 10549
17141 9619
6239 15403
4518 11491
3502 16063
664 8611
7618 7898
11783 154
2739 6012
14377 14606
6818 6918
6959 4786
2829 11932
7175 5977
16966 14667
3189 9003
11581 5625
923 17445
9522 11858
7506 15192
1204 15112
15226 777
3746 7156
4260 10849
6151 17423
13911 3975
11661 14705
17350 12570
12707 2328
13037 13209
4875 16147
10932 17254
11337 2477
17440 17092
15426 15270
17417 1196
3175 13642
3021 8041
16773 4122
81 4222
16521 8868
15207 747
931 2279
7273 14536
8302 15921
7896 14802
2267 1417
2654 14003
10691 9698
93 17168
11157 10466
6208 16698
11744 10223
11841 6169
6059 15918
14134 14789
9428 4817
14119 8926
2630 2959
8481 7483
8114 12755
4185 16916
7903 8444
1500 5909
413 3704
4023 2033
9435 3744
16427 13663
12497 4367
5256 11034
3945 10478
590 7814
13326 8029
7287 12194
5981 6575
12943 8772
10018 3688
7109 10312
8062 12329
12915 430
9683 1675
16115 12418
7982 12942
11853 1272
13806 3547
7514 14993
3963 11230
4192 5050
4091 8158
2409 2374
9247 4958
10644 17117
12847 1345
7673 7243
17057 16990
11457 1716
13251 8914
12338 6809
1848 2420
4351 11949
15474 6696
15268 1985
14690 373
11156 7529
14581 3604
4652 10527
7193 2129
16308 6015
4791 401
12595 1372
3151 11953
11804 1349
14462 17859
14648 9797
71 16706
1165 17022
13861 13047
11506 15720
17992 17213
10769 17746
12526 7015
14242 5121
14496 9157
14354 9563
4062 14732
11118 10497
3721 14845
14440 4709
5669 5844
233 14875
14985 8789
3916 10415
1763 10593
3632 9938
3091 7103
15665 6822
15517 16448
5915 13859
2622 4306
7882 15527
9646 3014
11723 17631
661 9468
9486 15153
12936 6738
16912 12572
2568 10518
6198 12753
5249 9564
2516 13735
15130 11594
6123 15737
4505 16543
11679 11957
5418 14495
4973 13386
12780 4899
9801 13415
4818 10290
4595 12630
11673 4252
12908 3063
1505 3486
7385 8573
1739 15447
16463 12530
2117 15318
15645 13894
3437 11574
4911 4443
17835 15490
1369 1712
14279 13455
15235 5198
7804 10897
11469 8989
6019 16283
9553 11512
17680 8593
10170 12639
14268 12796
12647 5633
12414 2842
15825 8126
2649 4725
16345 15396
12258 6598
15947 830
824 12862
924 7776
16747 12261
14260 7394
15287 7850
1072 15693
13932 11867
10575 14372
2026 6933
1690 9141
7797 1509
5193 15467
798 11160
6658 9019
7150 12983
17818 6453
2911 1791
2820 1828
2797 8466
9765 16872
17888 5148
3830 10388
10208 6437
9618 5661
8188 12992
12323 11851
17925 5894
4255 12195
11131 16318
10184 8102
2053 16094
16737 16099
8298 4196
3881 4217
3083 6704
15900 15265
8431 12852
15323 16303
4191 14717
4320 2976
4472 11992
17154 13020
6506 13702
2134 10266
17912 9861
6517 15355
10350 4506
17014 17591
14025 13345
11421 463
13398 14776
4342 3281
7753 3873
2792 11216
4040 14551
17706 12838
2222 13575
3272 15361
13805 17120
5752 11795
7512 12077
5690 17011
9879 4247
2444 8967
11675 12155
10440 17589
6371 6425
4591 15469
15690 5104
10262 15118
3523 5109
3596 10707
2005 6231
12081 14132
7574 5742
14472 15290
1104 254
14790 6766
15597 15862
104 5728
7067 6535
9272 7534
14015 2160
6519 2043
11422 13874
7152 3040
17006 6174
960 14794
13431 1692
3159 12165
14228 4165
4649 17966
12461 5545
9871 17305
16555 17238
815 17370
7467 6842
8577 2265
5224 4327
16890 1118
692 9511
16262 5726
1689 5840
5682 7678
9609 7646
2172 8350
6576 15124
9597 7025
11509 11011
13554 400
12534 1290
11248 8208
12925 6218
16031 11852
13262 2386
3132 10220
7114 6444
3983 17424
4583 6735
8540 9147
7391 6289
12283 6789
15504 6900
9872 1399
5415 3044
13045 8700
16561 2271
5296 12581
13733 9480
9413 16178
15970 4770
4190 9394
17686 387
13813 7098
16437 8602
5770 15185
834 6108
16002 10577
16550 4986
16469 7159
325 570
17609 17694
11348 7262
12034 6777
13133 10102
452 13563
5332 5634
10104 17892
13481 17037
17901 2474
1779 1971
1215 4750
15195 4037
7299 4102
16312 6432
12308 15308
12421 9513
3994 306
12636 11798
2948 12411
6824 4462
6780 8261
4264 15405
11122 6661
16189 7895
10084 12485
15096 3799
11754 5247
7826 13901
10081 2531
14879 15858
5768 10892
1426 11378
3861 16969
4643 4553
5011 16201
1359 13122
10896 267
8913 11417
8863 1724
354 16211
11440 15230
6885 6878
15792 3288
6115 8511
14002 408
384 3212
1328 15620
17796 50
2677 17139
16803 16092
13933 14434
15910 55
9326 8375
16196 11643
4535 16256
17505 1653
1749 2274
15081 16294
15526 5477
1832 7680
7134 1804
5222 5675
3513 2551
13119 9695
2266 17465
3984 10177
1991 14685
8975 14944
344 79
7423 7859
7479 14687
6632 16402
1852 11705
2195 11047
5998 15775
9591 10824
7883 10228
5938 11586
242 3353
1191 7219
12702 9815
2216 3326
2290 16285
14760 10652
10714 8664
1835 9745
6979 17438
6349 15776
331 3407
3002 1726
2434 6548
2816 7018
6296 12661
13546 522
10458 7160
8669 14394
6792 8603
13081 15584
4559 4467
17753 1882
14292 3278
4269 17844
3469 16893
9971 8882
4489 7317
15398 3692
8306 6497
16071 14585
4041 12217
7080 12216
223 11029
7250 1094
1293 5389
17910 4157
7307 17959
12617 7696
15853 16040
8226 3527
3919 17658
10780 13210
3948 13309
15848 4902
12802 13779
11298 2411
11003 9132
5329 4599
8370 11628
4138 9716
14120 123
15338 3842
1110 6187
7731 2847
14591 1222
149 6241
8373 8081
904 13046
4003 8750
381 3280
3729 6302
7712 3859
7182 1787
7267 10818
279 8727
15491 1624
12045 3805
2778 772
1288 15311
12930 15795
17288 11751
17943 11053
15057 13061
6034 16104
11099 10153
6991 8189
14996 7499
7235 3425
9611 11865
9447 4400
8308 6920
10881 12293
9777 13007
1773 13545
2360 10782
13771 49
11105 1897
1356 7095
15423 709
8216 7142
15245 13369
10124 4755
2773 12749
9915 5374
7318 1572
13194 4032
16794 8559
14216 16170
4458 8180
2368 705
15610 4766
13528 2075
8352 7937
5834 10733
10457 9476
15377 17282
8410 4364
6476 294
912 13172
9209 278
744 8023
15307 13583
2852 11828
12276 2376
4612 2572
1660 9496
15503 15475
9353 1730
14718 7577
4589 17770
8621 7234
9918 6935
8818 5081
2757 909
15706 4065
243 14207
5671 10392
5735 1888
13963 11877
4887 10485
4237 1360
16760 13601
7118 69
94 5152
14224 16511
11921 16197
5831 7022
1786 14816
5183 15798
17271 10694
4884 2923
8670 1365
4453 8953
13166 13264
8131 11983
5829 17107
3352 5427
2152 17923
12732 611
8831 12495
6048 5186
1561 5972
8760 2419
8739 7380
14088 14266
15466 2367
1471 4097
5860 10797
7957 78
11537 3420
10679 2648
5662 6246
365 10048
13860 597
2520 5268
15329 361
2631 5968
3571 16641
7847 17550
8376 7503
5780 12190
10916 13604
16022 8884
12709 13847
11208 4045
15928 6465
14546 8892
4929 745
10542 3961
10355 7186
1047 16065
170 6416
14739 9396
10637 16238
2914 10917
12157 11550
8105 15303
1705 9219
4619 7551
13549 3954
1133 15382
7991 4415
9961 15850
13 1260
7638 16755
6788 5771
9900 8849
11799 17171
8514 16060
15906 17748
2339 997
6026 2857
5854 14780
6624 14201
4888 1030
2900 15380
2297 107
5526 10962
17740 6433
12633 5438
11991 203
2755 12417
9930 13975
1503 6585
2664 33
9166 15419
9578 10758
3229 14190
1103 829
9954 15745
9328 4243
6772 5032
17630 12672
5491 16461
11861 3552
13156 106
17151 7398
59 4526
5509 4819
877 702
5181 2021
12439 16179
16545 16960
16125 6188
9174 6013
13928 1642
17220 15976
8018 10870
10181 8095
4431 10427
6342 7986
13318 13778
14767 5303
6146 16334
7857 10319
5472 7036
13691 9761
3213 3590
5928 6389
10126 10127
17819 16774
6844 12241
15234 631
6036 8814
4440 2286
16578 16362
2331 5629
728 6094
10855 4355
14043 16535
16400 4124
9186 5816
13190 12590
12334 16141
7999 13231
1436 7975
2605 10895
1511 6724
11232 15533
13465 96
2875 13337
13075 13837
10556 6995
13851 2254
3299 8449
1336 16787
13120 4695
12566 4604
3993 15869
13459 5013
17501 8080
7335 17805
13341 13493
2992 15028
7679 9906
8193 2110
957 11573
13843 16146
289 14756
2287 9898
1276 16789
16544 5769
12717 11086
8336 6927
10686 14084
13511 11276
827 6518
11890 15692
16324 8612
6020 7805
13794 4606
15094 6654
8055 7594
2737 9883
5103 14259
5288 7177
9854 16567
11880 12425
3853 14518
941 3817
5492 8455
1554 16958
4398 9763
17441 12746
9478 14442
9975 8000
17825 5865
9115 7889
3138 9258
17858 17066
16639 7289
11026 6097
1199 7078
15179 3257
12307 14101
17815 1120
4923 1397
4042 4110
4846 2361
15883 5791
12309 5800
881 10673
1718 17038
813 9899
17637 9778
605 9399
858 17873
13686 12464
9368 11197
17734 4914
10092 12846
7378 17099
155 8954
2710 13782
245 5999
1217 8541
8111 6414
11272 7305
4447 9054
14256 603
8046 4581
5099 15554
13067 12527
7631 2639
11866 4789
8059 12671
8518 12126
10995 3785
9000 11658
8293 8254
11613 14637
3808 8108
17799 2157
1687 15821
11236 3187
12515 4632
14219 9205
17918 3466
16080 15611
320 1414
1050 9848
6732 4131
8661 9953
9097 4626
5658 15796
15061 607
12487 12730
17616 8272
8032 14725
9014 7008
8406 9064
5001 153
10519 16412
12652 1073
17400 3901
2181 1060
14298 12354
6671 13761
10047 11950
15142 9401
3747 8021
11051 5587
9648 1980
8328 11071
4092 17652
1480 13791
14338 1541
5173 15698
14431 3406
13093 14657
3124 5368
67 14791
17581 6966
11774 10243
16620 855
8247 856
1862 13718
15818 2827
14726 14660
2065 2904
10245 11373
16464 1945
3041 4530
6190 14522
12019 3066
9143 11543
12011 1327
11965 4147
17702 2191
13906 15909
7197 10460
7564 8214
14158 12995
12027 7901
6364 9679
15671 3651
17173 16857
558 5506
16408 9407
35 2788
12841 16003
3920 770
6209 1195
15208 601
3300 10086
11656 3048
6499 795
8819 255
7449 5493
6466 16246
12619 15129
14796 6462
3924 14762
12287 14656
5336 814
6778 1994
629 9532
17310 12255
12834 10547
16675 10234
8446 13293
16728 14978
1237 1027
16369 11693
16471 9877
10980 731
10560 3735
7183 17977
16018 17512
4153 12654
2415 1241
10267 6341
12058 15974
9516 3719
16048 15655
4881 4952
8797 11903
128 13724
2859 494
13236 6880
1533 10297
5137 15465
4524 15358
5470 14044
1667 2817
4330 11998
9202 4677
12457 1508
8616 1109
5348 14217
13938 15687
1257 12689
13335 11329
12238 3682
1565 8963
1909 3362
13609 2613
3912 867
1225 10022
4793 13937
10648 1478
12359 7548
5085 5409
1065 5495
10040 8153
14086 17721
6479 7457
4730 10345
3917 1936
818 4713
15325 12567
6549 14688
9452 10180
12632 422
3947 5283
15626 5978
5408 12951
6975 17529
17938 7953
1851 4657
13158 4868
2806 11129
1608 3636
16854 10230
11109 5951
14695 3957
16927 6727
6493 8038
12764 17664
14903 3520
2695 15734
11551 11191
285 15352
2964 13870
7012 11039
701 1228
16679 16572
12867 7864
12820 6913
7096 3375
15876 2571
15738 3295
6487 9870
5869 7485
16971 7277
13820 529
8456 4724
17673 15773
13969 10146
11288 16016
14297 10204
260 15556
1815 1173
8407 4309
15774 17484
14793 11808
7836 8663
15273 14059
9377 6865
14366 12477
3208 9720
12395 9766
14175 11900
1911 6529
9355 11101
3426 1623
101 7245
17076 4034
15435 8637
13905 14902
15991 8806
3589 2972
10203 2268
4792 3685
5446 17416
12294 11920
2761 14202
7286 556
14907 13560
12769 3696
12423 5020
9071 1873
3708 10752
15735 5378
17927 6945
1190 16524
12502 5897
4363 16595
11588 13719
5343 8409
15956 6980
12968 15170
12151 9422
8971 17986
10118 1650
5698 12785
8325 17408
3955 15214
11870 3839
13057 9150
4007 15159
11444 13126
225 8585
17929 7041
14896 8931
9844 3880
63 4284
9519 8103
2741 5242
16455 8209
14511 13848
15221 774
1522 13084
6831 2535
4482 10192
3238 11466
15042 11883
10874 11670
3173 10812
12756 12897
12137 17650
3617 6571
14196 4333
6538 3733
8871 7751
10958 16998
6071 4256
8835 15787
15917 15827
5849 3576
5600 14413
13783 5426
17152 13041
14857 14733
3411 7260
9144 8745
14144 951
12905 1794
14139 5077
8922 13125
10237 7918
16033 3310
16474 6720
6062 773
6565 4947
10094 7000
17368 6515
13418 13161
16449 2141
10391 2971
9501 212
5406 6460
3511 17377
753 6295
17196 15285
9404 14365
3642 9903
17632 11776
11332 14105
3599 17679
16426 13141
1577 7131
13580 10982
6759 12650
16112 17044
4286 1663
10489 16119
13458 4020
4072 4006
15888 10968
9260 7082
14047 4566
6320 16919
459 5386
2667 871
14426 9886
9979 235
16547 11280
15964 13043
9661 13288
6395 8881
8793 9418
2252 10374
1898 15365
1569 6563
1728 12939
15478 16106
13949 11420
6891 12358
4002 6899
195 4936
11855 10973
4162 3177
15750 10275
10890 6925
2500 9106
11943 8160
9946 1940
2657 5451
13781 13964
14930 7651
9634 9068
15591 14668
414 16496
5405 17306
7784 6369
1922 11531
7044 4587
8210 16438
8690 9466
16861 15762
2984 1769
17794 15493
9152 11190
11400 17893
12845 16330
3757 15367
6712 14998
593 9813
12927 6362
15373 1772
3179 15292
13276 12389
1155 7396
6580 16064
15392 13539
5215 4082
1900 2214
5866 1076
3625 8826
497 14847
674 8919
6664 8999
5091 7527
6978 17790
15349 10720
15357 6786
9237 10578
13168 5882
17930 14740
3764 11088
15764 15989
2640 7052
16017 919
10887 16257
1180 17410
8880 1383
9182 5737
6421 16607
8099 2997
3903 7006
17780 4199
11896 11414
6440 12621
4420 2127
13916 10944
11113 14195
7636 15878
6592 7090
15312 8106
4152 8900
12586 8886
5544 6138
16769 4863
3537 13543
5285 17409
1421 9633
1229 13086
1681 14779
189 1593
4315 8347
15103 10816
15714 2591
3598 8499
1320 2113
1086 680
2611 9183
16847 17058
8698 17933
4500 3815
1012 12233
13832 3580
6441 16845
11210 13972
1443 1179
6714 13891
1568 5739
244 11523
12938 13313
901 7884
16928 7438
3788 9004
16484 8557
8961 13704
9216 4053
9738 16899
11669 3219
8440 4811
8679 8985
10736 13416
3845 16300
12781 8525
17622 16202
1699 15586
14763 11209
13051 8730
13184 2753
5886 2589
15412 503
4664 4015
10119 5189
12085 1247
9067 6329
16895 7241
9443 1261
16221 14182
14599 6378
8197 10087
15984 6215
4537 15915
1024 13523
7415 13334
1167 12091
14099 13510
10925 17270
6767 6804
14616 4492
7596 11461
3072 6088
10696 3561
6375 16605
16440 7487
8898 10942
2382 11040
3538 114
15713 6639
15456 1959
16936 3849
6758 1409
9203 9218
12472 17878
13146 15481
8992 8280
2022 15258
14248 3663
16296 12228
10206 246
7835 17774
15817 17924
12109 6051
5380 2055
13101 17700
2430 7029
4501 5660
8592 12806
3819 4891
12843 5061
12273 12171
17161 4337
10960 17047
12315 11354
14262 12221
2180 4661
3813 13865
15336 3369
4995 9962
8393 3387
14721 11721
16292 13535
4941 382
4852 11541
10766 13109
1744 15699
1066 10654
7347 13737
6596 14282
11054 14291
12282 12466
3634 10848
2738 13769
2692 13579
9222 229
11914 604
16869 8784
2277 7715
15236 15005
17883 10400
2950 14351
3240 12822
16462 6229
13062 13241
7077 13396
9927 16633
3346 4143
7993 409
2032 5618
14051 7010
15295 16006
16169 910
11180 14560
2233 9955
3154 7233
5612 9729
1020 4668
14470 125
11743 1233
12490 4844
8398 17278
11617 6853
10755 11722
13285 15573
7473 4741
1640 12028
13944 4322
7321 1189
9959 10788
5576 3199
12355 3987
257 3230
15496 150
1571 5538
12710 3018
10800 3637
15281 10495
2140 15874
15643 9911
11259 16609
12437 15442
17904 17896
14704 1502
14693 10421
13214 517
9851 4527
16739 7598
5948 5835
15044 7674
14808 4135
10569 9192
13715 5741
17226 17538
1989 5007
9416 13367
12692 5062
7019 9821
3535 13504
8324 7662
17479 3220
16954 11823
15231 4715
10984 15515
6116 3710
10504 9958
2446 11001
8600 17801
9317 5927
646 13758
4561 7382
5502 8151
2034 4148
15324 6245
7642 15839
13324 12196
14893 17588
3315 12500
11987 8648
9006 4444
6197 11918
13003 9726
13887 14121
5454 1694
3061 7127
3494 718
7179 6057
7119 733
4585 9723
6195 12593
5761 11028
12833 11123
4281 1877
12559 7783
6419 3806
16326 14645
1598 2813
2888 11925
12578 17222
4681 15375
12135 10446
2590 10924
1895 9310
5312 15601
9095 13567
12154 3962
9592 3802
2947 11009
10783 14853
7998 8542
15760 11032
8949 4213
499 7782
13842 15488
6868 11694
5035 5175
6614 11061
17170 4051
3814 6836
1202 11384
6723 12937
17995 3031
1295 14842
8651 5784
14545 9510
2427 7629
16929 1477
99 10651
6098 10260
5666 10703
14960 8019
4075 13385
14969 11733
16887 13255
16859 5110
8636 4483
15444 560
15030 5172
7469 9555
7393 476
5092 13333
16725 15376
17190 17824
4938 9503
9393 3477
6527 13274
8494 2834
11800 11515
5943 11394
9197 5171
3444 4539
14152 14610
11887 2042
9570 3322
7738 3435
2578 10306
9940 14800
8692 15071
2974 826
9586 3499
4731 13827
14340 3082
16647 4814
9847 4520
5595 1821
4442 14056
17478 14820
1431 416
2615 6985
5400 471
15961 6318
16111 10095
9782 7880
6791 7526
12 10643
16827 7963
7927 7735
9138 17647
15674 12562
5738 10993
13019 5232
1847 14333
16643 16175
5025 16678
21 8981
16646 16187
1297 5793
7055 796
6 4991
10247 3356
16798 4379
2919 16518
7756 1955
12821 10453
6726 8775
14234 2627
1587 1382
6018 5510
2285 14438
13808 17017
7606 14501
8004 11339
3197 11872
4829 1620
8300 6852
6869 16826
11031 8617
11049 10710
16779 8579
8377 1416
14787 13453
11430 14403
12280 9305
2735 9998
17624 14185
4498 5087
3714 13647
13509 13270
8910 5837
4557 16072
9862 17743
10756 6749
4487 17957
10014 16838
4513 10778
4778 4690
4569 2790
9682 2052
17146 14897
9035 4384
15919 2745
17617 11066
465 5311
6480 5699
14149 7589
4600 5439
16291 10865
10913 1405
13488 10745
3991 4215
15244 3672
4277 3128
16923 16350
16724 14677
11027 16759
16509 1126
7275 13202
2317 3025
11228 11117
11769 3854
3455 17021
496 1207
11725 14650
1822 9223
13633 11267
8411 11822
9830 5964
10169 11264
7779 13588
2183 2503
4859 4821
17867 10073
8476 15547
10785 12142
17641 13344
1182 16507
8840 3541
4361 10301
13461 8391
8674 5132
15454 6125
12716 16977
12465 12836
6666 10302
3253 11169
10359 10784
9074 14230
5220 11938
2094 11620
7816 584
13247 15219
3860 12745
412 3319
2459 5907
8721 15830
5331 14748
16249 11791
238 3666
8416 16554
8501 17395
15296 12612
2732 515
15251 13304
12996 17269
3273 9651
9855 11439
2226 8578
11790 2676
3478 2970
8754 2787
10324 12856
9469 5143
15673 10921
17138 2626
12037 9668
11473 5317
14454 6412
12173 17294
13623 1732
10903 14174
4150 3400
2291 13699
6950 6110
7650 7821
8134 15359
16569 16208
17769 7781
7255 10563
7694 12176
1340 12240
3007 8850
11945 2986
1274 5182
4039 1905
9207 6721
5367 14330
11168 17328
13648 12492
17499 10999
8263 2718
11771 6845
15920 3770
10805 371
2074 13863
14294 16420
9981 10793
16058 11307
17971 17841
11229 8929
2416 17319
17667 7936
16404 7091
13026 14583
10229 17258
1213 17330
7666 2996
9134 16564
5206 9165
1974 15996
9423 9330
12188 1619
5940 14809
8139 2549
5788 5429
12664 6668
13078 6331
1946 5826
2318 17507
6807 15732
722 16976
3115 5428
7893 1132
8484 3434
3139 9645
4624 17375
16492 4038
12162 9605
16593 11170
12347 13639
10735 2219
14655 15075
16981 13159
14516 12970
12213 1627
3834 4394
17900 13846
3749 12381
14013 3786
12149 15506
13803 3078
4380 8147
8220 17343
14305 12825
13257 6783
4507 12170
9776 15807
6864 3850
10062 1078
1588 14612
3399 16775
9299 9545
10300 9590
6673 6851
5694 6898
169 9901
14807 8091
17448 9973
9740 13163
1121 10015
17430 12365
451 5127
5272 3464
16891 10531
17800 10743
1918 17565
17573 3892
13142 2758
6541 3473
11606 6601
7656 17098
1206 4073
4683 13617
6829 13903
6370 2785
2566 1265
16717 4316
88 1774
866 13393
7635 3307
17516 3231
8879 16952
10715 10334
1361 651
9126 3988
16044 14669
14642 8938
6230 17997
5327 7331
5551 8726
14935 3677
1734 5957
31 1843
1596 16342
1618 4656
8875 7960
17373 12955
8952 9627
2456 2103
15712 3314
4555 13244
17208 4893
4886 14326
13491 2482
2775 12459
562 16645
5274 9045
9968 12086
8224 1448
1637 5069
10438 4253
15534 9190
10607 13112
652 14007
17729 4767
11850 5900
5870 8200
13196 12193
2162 10397
1856 6855
11449 6238
4422 2329
2312 3385
9751 4308
3706 17053
2868 1413
8841 5342
5358 17515
10658 457
2934 7208
9308 3112
13798 16638
7039 1321
6591 16876
11926 9398
10276 15168
9827 1371
6027 12452
8335 14252
4115 2689
5722 9583
6140 15453
1102 12494
3567 3047
14922 10286
5258 3716
5419 5500
3415 15771
5278 5324
10725 17322
15437 3255
5384 4747
541 14835
9867 15855
9841 17771
16215 1334
10082 6862
3111 4787
15642 11526
14459 12842
13591 16473
12542 12735
4402 11455
10321 1746
16311 4293
7071 3313
869 7570
7154 10140
10885 6644
1285 8082
7933 185
5779 4128
6058 1159
446 4753
11942 11199
9049 9417
6635 1973
7718 15079
7176 14843
12584 8699
12520 7724
8618 15327
10496 13303
6317 5547
17660 10792
13593 16173
9531 5004
16839 9788
8545 11702
12957 13380
7476 4849
2325 16366
8133 10299
196 13030
5754 1884
12912 6747
11251 385
13853 12737
13294 13349
16261 9406
2096 14087
12023 15414
7001 11946
16428 8422
5806 5855
11558 11415
9656 8537
7023 7952
14608 17228
15164 8736
790 9632
9923 7595
13536 17963
12699 2380
1090 7348
4232 13234
4847 11610
1275 16882
16603 12405
8498 16579
4795 14278
16255 16236
8413 12030
1080 10583
17041 4136
16546 10544
10940 4781
11456 12265
14764 17403
1492 1874
13031 12889
9109 10384
14504 3321
2781 15899
5435 3205
12969 16415
10307 627
15238 7237
14436 14246
13684 8079
13266 3211
2488 15232
2932 9231
10353 8668
10065 3451
2071 3027
13338 3144
891 4810
16715 12139
17611 5195
8979 9485
7240 7829
544 16364
1131 4249
4008 10274
15934 15980
17863 5838
6473 6133
4685 4005
14950 17061
3798 13895
9704 3359
139 5218
5926 485
6313 14233
14552 2669
16744 8733
14055 9005
11052 7223
2935 15509
6263 15151
5743 4262
2379 3140
8837 1551
12880 37
427 16230
15672 423
1311 11184
6685 5227
11182 2581
1789 11570
9525 16664
531 1813
6491 17046
7634 16277
10847 10256
4188 16874
11446 9053
16117 11279
2176 221
8856 12787
14332 10241
13538 17355
11 1254
16433 5541
17077 3718
15479 15522
277 7124
15240 4687
12382 3317
5150 7690
15350 42
7370 15200
6403 9022
15678 9073
12569 12009
17434 17772
4339 4761
5898 10137
4969 14012
2952 8156
5176 998
976 9343
11539 6420
16260 7451
11984 14736
7185 7597
437 17338
6652 8504
6645 15031
890 4628
6605 2048
3433 13671
1683 13268
4977 3491
3925 3562
5846 12761
10926 15936
6662 9370
6234 17983
17314 16614
8394 14715
1935 5577
7400 4961
17788 303
2949 9810
13195 12941
6817 10840
9178 16766
1738 17523
12594 8194
12657 14320
1735 7750
2903 10801
15445 1029
6524 17029
6893 4608
17162 13566
15667 1335
6354 11780
8382 15430
11777 8526
147 7468
7992 12708
11970 8798
5947 8386
7196 2736
1415 16714
6942 16682
1534 5390
15440 11517
7274 4078
7695 295
7043 9929
6397 7296
15539 7972
3711 13676
1219 11311
14077 13352
11801 1727
1407 6615
8005 7414
13235 3131
17511 11829
15093 11710
7492 1686
677 13170
1440 2204
17916 17902
839 13616
6551 27
6080 14970
3471 14404
17241 8374
13404 4429
16014 5340
10358 9208
4675 7566
10586 8912
14931 4299
16186 17042
1176 7388
10636 1098
14038 2439
4572 2725
13745 14864
12059 4405
4449 3705
15867 4826
7270 12385
17358 11187
297 7325
5357 11752
920 1323
7550 9838
17428 10006
9789 11764
13008 6936
8152 7128
13162 15194
11318 15034
2492 11333
15019 16655
17642 12080
11535 11211
5781 8855
6408 14345
7165 3239
7110 741
15581 4773
10627 7419
13178 2510
17719 11995
12757 11021
15598 765
2646 7892
17804 15536
12894 12012
3028 1806
180 875
3096 14798
1054 3867
17364 521
8450 16038
1802 14904
2537 4729
12525 14652
12467 16770
11571 8358
6023 97
14658 2865
4801 12729
12262 1083
10395 17235
15890 5824
3123 2315
3826 12078
5611 12660
9092 11712
6262 13401
7266 8756
898 4667
2892 9897
1284 10098
13501 9293
3103 17431
10794 10712
8273 10410
7855 8633
372 7702
12337 16174
2850 16479
11290 6973
6733 17055
12712 6055
1717 3737
16777 10026
2922 16155
16519 598
7225 17857
17907 3287
8888 10976
17261 16602
3081 13995
10056 15420
9309 3855
142 6960
10191 4461
4703 8631
1034 3029
5488 12141
11257 16684
13171 15542
10053 12102
788 17613
17965 8506
10701 28
17661 1808
8608 11060
14537 1250
13389 2166
7799 12297
16608 4686
14517 16199
4439 13451
17175 2512
15107 1375
5262 6232
2760 11429
6907 6445
5501 4210
7340 14405
9215 2544
17677 17426
11058 17715
6411 2576
7856 17060
9039 8304
8258 12501
8959 3739
15966 17485
2585 7582
17914 4510
17648 11835
2422 7504
2089 11234
10532 15832
286 103
10329 4104
12000 17165
10235 2818
15229 15648
6702 14341
16375 7969
1556 16995
464 3866
6135 7076
17974 1578
9620 933
8340 321
7136 5026
4358 15263
3252 12378
12066 3778
8192 13529
6325 8011
15546 16231
7315 15249
15294 7911
17051 12659
13643 6401
12953 3249
1528 15731
13378 9497
3382 16371
8672 6438
13965 16310
3186 638
3844 12616
9658 14215
15374 10523
9794 16188
13897 4141
4504 12874
309 4251
13089 11923
1904 12993
56 13256
7743 16289
14409 4043
16267 3782
10093 12041
11827 11069
17320 12130
7283 5901
3968 17699
15680 6249
16757 12609
1672 8712
6770 13321
12794 8974
10468 12252
2481 5017
14339 9075
15709 12748
7881 11416
5475 12088
10952 7178
11868 1669
13464 13982
15640 14543
17178 15288
7997 5944
2831 16100
1871 10592
11683 5966
14035 14336
5993 9384
10661 936
2045 11973
17783 10456
4441 8155
17397 7641
13767 2650
16142 14676
11000 7682
6147 9936
16910 3462
6660 7888
333 16577
12886 9456
15842 14540
11681 3950
635 17595
14133 4946
8058 17252
14445 4688
3080 16541
12775 3588
17292 2548
4705 399
5219 13565
16314 10121
2872 7639
9098 7670
5260 11968
3403 1008
6490 10698
15391 9760
14818 8982
14229 991
15047 6415
16081 353
16331 14018
8069 16083
8186 11622
4842 17777
2061 7744
17612 15051
5382 166
4774 14461
12330 16343
13021 9908
13654 12449
319 9895
13218 13967
9970 3503
16385 4984
10001 10603
5931 2686
6265 2269
2436 17754
10212 6739
6222 8751
1419 5734
2336 8232
3515 5974
5126 2893
17908 11692
3736 947
3395 16192
14806 15139
606 15625
12496 12429
7854 6293
4167 10070
10402 13613
8166 7994
8242 2728
11505 10010
8050 9495
6066 7383
1880 8502
7430 8478
4198 115
10280 14092
13986 16370
13959 10581
16597 10382
15882 1105
13770 3820
11584 16889
2319 12174
5445 7005
14212 10163
11831 15677
12264 1595
10827 11253
5118 12918
9638 3583
11065 11014
2727 13954
6573 3496
3146 14636
2600 5286
6468 6221
2961 17494
961 17833
1269 15369
12363 4574
8337 17198
13978 7732
10762 11731
3120 11476
15134 16453
9914 5194
11407 10173
12144 14142
1652 15328
5884 5190
5297 16029
693 13414
10055 5744
9579 8808
9843 1715
5430 13330
9885 9884
16480 12361
1348 17832
9341 2910
13059 15166
3114 16126
7887 4048
9094 970
5188 4116
8625 10798
15354 7768
11601 3809
12556 2793
16338 2039
7427 900
15088 7627
9582 4646
10209 13223
1866 13958
5080 576
8740 15108
13164 9320
217 6923
15330 87
17817 15646
2098 11453
8130 1961
11392 15110
3563 3661
17909 1358
13717 17569
327 6910
7677 7472
5351 1887
12668 8887
6593 8732
6102 14632
11165 5021
8735 17482
13522 1138
13532 8470
13572 2217
6956 4525
6556 993
14281 11048
2925 17049
1303 7028
13693 6604
15971 963
1434 8906
10293 3875
5174 2443
8724 8203
7167 16711
11986 4779
16931 9559
7232 3304
5267 12763
16918 15603
13877 1719
15438 17324
15507 12460
15069 7929
2783 12978
16000 15421
10731 12486
2225 4824
13258 16305
3113 12587
12147 1376
3292 9983
3440 8345
12203 397
11316 10148
12649 14049
10194 14759
4669 5871
3329 6050
17020 12789
17599 4129
8174 16418
11593 8460
7769 16388
4142 657
551 3678
16218 6965
3930 3383
12180 5553
4397 12517
16562 7065
13498 9820
14494 880
8864 1089
15106 16341
4836 14109
13040 11013
9569 11167
13867 2469
16560 16949
14090 5354
10268 10803
14191 11002
5250 5941
5552 8009
4469 2980
146 1075
14905 11893
2200 13233
17714 6530
8693 6073
13368 966
15627 6932
13450 12882
8326 3603
726 7386
15100 2960
11171 8330
16939 3147
2323 7745
4464 17096
10864 10667
14743 11788
6564 10050
15271 12075
9608 932
356 1743
10042 10922
16423 5628
4377 8034
4597 16937
12101 9122
17056 2335
6971 16259
12731 5073
10536 16982
17361 6722
10633 14672
3829 3312
337 3431
6840 10911
16665 10938
6309 14250
10442 15624
14703 137
10723 1824
9770 9802
9626 8248
14004 11917
9509 220
7374 8766
6464 12453
13115 12972
16227 16900
6528 10155
12163 8623
4678 1538
10396 15001
5709 784
14605 9180
535 13685
14770 7372
10394 16389
7924 4155
11030 9587
7765 8805
1194 4975
12805 667
5479 10526
15700 10675
11631 8007
12890 17211
3840 14954
4636 10501
14414 11936
14073 6171
6056 14046
3795 15058
17262 8935
9647 14306
10270 14976
12677 10561
208 12035
5655 3913
10845 10005
12013 5878
1444 11985
12573 7024
17514 12853
14187 9131
7086 10970
17247 5524
3274 16409
4242 10632
15679 12232
5864 6699
721 10199
8734 5361
7258 4285
17469 2004
13947 8786
7140 7402
1459 10904
13818 4627
11238 571
2821 15975
5414 12623
10190 2502
239 2515
16172 7290
12316 2083
16815 2988
12813 10866
14635 6616
5521 7600
5046 17110
15567 6577
5030 11119
4979 11448
16235 17450
2223 13299
11839 11591
16534 7272
660 14709
1249 1951
3741 4639
10589 11143
5748 16818
8229 9507
748 13878
8485 2054
9233 10545
9584 4648
6217 15347
3097 10357
10764 589
14249 17973
2104 13409
7713 4134
11830 9051
12159 15218
14529 4239
17985 12175
6823 4328
17463 13355
14497 15995
16761 9774
3259 4421
4890 5888
6205 1552
7693 5305
12128 3423
6698 8548
10151 6388
4726 12148
2133 17827
5168 5708
11395 12669
6873 13353
1810 9707
10099 3436
15585 9518
15559 15301
5210 2688
14312 3613
13441 7852
11974 16791
15843 1010
1398 12758
1149 2789
4532 13645
918 11817
11128 15912
1764 7801
9684 12074
1960 9345
3472 12511
17249 14350
15443 12987
14863 12832
10740 16206
10967 7247
15932 5158
12759 2928
13009 280
8297 15186
16055 1074
17353 17654
11166 4291
17737 816
2645 3349
4241 10305
1651 7906
4054 16582
9089 14066
5853 3244
1525 8632
16756 12907
8295 12656
2040 9997
13590 5486
17967 3379
6870 12629
15283 1678
11398 6509
3090 9271
15746 511
13869 11629
1139 9803
16483 15532
4352 3982
9230 6106
11663 8472
16156 14801
15017 7604
3671 9116
15747 15113
8036 15801
16657 10534
6911 1052
14104 5549
4214 16771
6435 12509
5602 14963
10975 1306
13267 2435
2188 5656
13388 10317
10318 15957
16581 1631
10175 756
6303 8212
3504 7734
14295 5086
17300 14253
17838 8767
980 12306
9424 16651
11388 10147
10451 8423
4156 13755
1570 7832
16726 15461
17766 11470
11423 10642
5226 3059
4775 3245
4691 2454
6617 5861
7199 10369
17795 1703
9517 802
9893 9287
15981 2966
1106 8619
12469 380
5369 8945
6609 17536
13614 15638
3713 11235
12146 8987
2391 6626
9969 12910
13055 6333
17233 17232
15529 7573
12750 4313
2448 12966
5499 16964
4388 17785
6167 6427
3439 12622
14021 5123
7575 16606
4733 5797
2894 13261
10424 14795
8094 17539
7244 11919
5128 17657
15043 13852
1657 6578
15452 1696
11796 8138
10471 1617
4898 9785
9796 6860
8812 5529
15949 14197
15105 3396
15875 12743
12475 15810
17486 10842
275 16792
2167 3848
17814 13571
17731 4752
11036 4966
7553 3966
12864 17607
11273 14958
14710 1003
11437 9256
7761 10700
329 2404
2565 1819
11090 540
8874 11401
1820 7554
3282 12790
17131 17840
6539 16396
16615 13759
8729 8219
2811 12435
16213 6681
9025 9105
13006 13850
1112 3512
13130 7478
9211 17583
14180 6514
6625 16702
7066 10850
7567 15458
14510 6009
14588 13840
15462 4033
17229 3531
8505 11309
7405 5712
198 4932
7265 1544
16273 9693
2766 13876
2543 1754
1762 2638
14145 14572
6439 13706
10122 2085
17527 7632
1231 1521
4897 13475
13005 326
7538 1088
270 12488
10914 16265
14321 11566
9747 6307
3582 9403
1628 9124
5614 1750
8643 9680
7843 8287
14316 8367
2008 502
10928 7027
8327 1116
17436 5683
12244 7692
4154 7613
4244 16884
10222 1992
15187 4236
10991 3161
17758 8704
3949 9644
9835 1543
3938 5893
1697 3234
17921 14241
6896 17823
5082 11068
15210 11826
9665 16975
4957 16127
4258 11330
752 14130
13136 14353
11176 6713
1043 16466
10844 4866
1271 2930
3633 5497
13499 876
12926 4107
148 173
16796 8599
7714 10635
10403 3712
16553 7355
9663 8167
13854 478
17283 10455
5730 15940
9714 5783
12871 5466
6380 7653
16586 16354
5041 14214
8301 438
10936 13873
1993 8852
853 9123
15541 5693
1279 15739
4028 5178
9664 14550
7201 16734
6795 16860
16284 201
4511 878
17978 17473
4283 17188
2602 10377
8626 1468
9419 3740
12844 8594
234 10880
12670 10009
1867 4130
4549 641
5918 8162
9236 15852
8563 17683
6096 1557
9479 16908
17722 2118
8243 16968
11849 13657
5410 6410
16704 14885
15432 6346
8238 12036
12554 8833
8286 16347
11716 13727
13088 12400
16028 10878
5632 7517
14730 10553
12199 3418
2347 10340
13366 495
1928 7719
4927 9689
640 8276
10949 2375
4079 4471
3622 8915
10080 10371
8495 6731
8039 10997
11368 13866
11391 17297
8933 5558
14138 1685
17059 343
17272 11155
13519 15891
14309 14980
16458 10935
8459 10240
12427 14165
3715 15406
9913 12635
10863 5458
15794 1352
13422 6078
10930 6321
3539 1629
10567 776
16871 15177
9036 14778
12510 4850
7934 14272
3338 15793
3796 11037
7932 374
16652 7108
11789 15922
15623 14052
8550 6926
1760 15894
10617 1766
5407 5494
7806 16425
12245 4374
11007 2891
14488 10953
3236 10061
1479 3226
17339 13381
7248 17474
12458 4851
8315 10659
5511 11277
766 4127
7760 2447
10771 4704
14500 10910
17864 6367
8507 7789
167 5266
10182 11873
10002 823
10117 7462
136 16103
12352 4514
1294 13950
9081 7097
11781 12624
3141 12339
16131 5750
1972 12980
9286 7486
15856 15705
6544 5975
8469 4087
16351 10754
17176 13308
1507 16
1784 2542
2393 4780
9046 318
13076 4788
17251 17102
6554 16232
12803 13193
5217 4484
11498 9298
3392 17845
467 15029
13217 17234
14098 15165
1141 258
7870 17939
4347 10201
6049 9964
15131 2780
1135 12068
4720 10041
11089 739
11139 12394
13001 1049
1976 17311
4576 157
16879 14381
16745 5958
16793 5809
15822 8397
3669 16627
10609 14033
16533 11314
10628 2702
11164 14671
14750 7956
1392 3574
6129 3330
15545 10751
16781 8538
16542 4218
12643 2207
5673 678
16571 4573
11758 2426
16135 10413
1775 14700
14569 6939
2564 11403
15552 2643
7332 13821
8388 3492
9002 13555
13935 12693
6363 17894
6069 17887
9041 2405
3811 9357
8813 10283
15495 418
13044 17336
8048 8758
490 12896
2001 8757
5344 17201
4544 965
10152 8429
12158 3698
2968 9499
13169 15262
2202 17101
946 6501
13989 3643
12183 10533
12072 16052
3565 15276
12631 2296
17166 8909
8140 16530
4302 13435
14421 4736
12292 1487
2028 5594
12560 7279
338 17982
1147 12272
8202 17357
4071 11078
7996 9266
9805 5469
8256 9235
1289 4827
3408 1136
7844 5695
7353 2035
17626 1277
10035 6451
6330 287
15589 9175
15334 3800
8645 16828
4804 5412
7851 17405
9206 4529
14945 5646
8207 8309
10821 7392
15997 14063
13804 17707
14509 6149
3629 12132
9842 6196
10161 11488
5483 7701
8163 17191
10149 5360
4175 17341
13492 16528
2395 6970
999 405
10264 2805
10750 12760
12083 5902
12608 16801
12696 6105
2825 1798
11107 6089
13063 2801
1117 12127
2924 4164
15343 8430
11902 1634
3145 9318
17123 5264
17636 17601
12828 4651
16784 15963
2465 3116
4100 4699
930 307
14972 14126
2487 14929
5170 16938
3085 194
2000 9491
16957 6374
11104 1682
12923 16268
15779 3533
12934 6152
16287 1291
7869 14974
16719 9572
3674 14674
3309 1268
16399 16527
3646 2175
13175 534
510 536
4700 17126
7099 15059
591 16548
17050 8521
9836 3331
15873 9167
10054 14824
2599 9860
10883 1514
14917 7605
2049 17206
13279 4369
2680 16349
837 5839
6186 14058
9133 10830
13248 11301
8836 11207
13379 1093
8761 2149
1301 17695
7357 5825
13068 14469
7453 9142
4220 15558
17183 17540
14177 15085
15651 15718
4815 11136
1863 15425
859 7885
4334 14490
17713 11201
10759 12751
16644 58
13273 14485
1216 9937
9988 5076
12263 13449
16434 6921
5202 11958
17476 14772
16661 12113
12898 16386
14221 545
16683 2433
4058 8049
14901 12275
14786 10025
15499 9358
2556 5515
7236 15686
5295 5355
13776 3971
10558 16991
6647 3012
8862 1899
12719 1378
1041 2796
16687 2494
2586 5605
4978 12022
172 16061
10931 6315
1039 14243
7545 11404
4983 16604
16490 10907
6618 11082
16987 14584
15008 3158
9291 16765
1175 10748
17284 6989
2508 649
2090 15530
7048 8185
15744 7231
3846 2561
5706 12289
13960 11654
10012 8199
1853 7359
16986 1670
473 8544
2381 6053
16499 15748
8066 17212
7020 3967
11811 8093
9628 16205
8807 12784
16224 9279
8144 2334
7777 17365
3183 4393
3454 10295
13540 17195
12524 10136
2256 9164
12164 9228
171 6290
9457 10258
11093 1958
3911 6750
14257 8181
1956 9533
5023 17547
7912 6863
15344 12178
15176 1019
15594 9688
16045 487
14964 714
14565 17490
883 7941
8025 14574
17594 15016
6688 16835
1536 4119
7195 13568
12413 3797
5630 1021
2114 2521
14206 11045
10979 2634
14542 16159
5234 12727
15083 16082
5540 6620
2076 6072
7563 1622
4418 11652
16590 15102
1025 7914
945 10389
4903 17836
4937 1282
3485 6640
1542 9881
17419 8904
3483 5606
16367 14829
17326 12782
7300 15887
5065 10271
7954 14675
15033 7510
1396 17362
4916 5144
17380 17421
1223 3476
2642 16288
16021 16019
8379 4109
5055 6163
341 12254
9771 5394
9481 13098
10528 14192
14387 4325
12046 11406
435 5702
9819 10285
16005 4543
2670 6201
162 9395
8448 16043
14716 990
1324 3216
950 8696
9362 6274
3337 10145
9762 8240
2417 10420
12989 7319
12362 6806
7984 14951
14024 3659
17767 9082
1057 6568
17136 11115
17806 12695
1169 1211
12837 8412
11583 1700
12371 9621
4391 14349
7135 7293
13990 7614
624 7004
10249 17503
5527 15306
5704 16121
1122 7030
1526 15708
11474 10838
1315 10645
11451 10488
10085 1654
1592 181
6372 12033
16635 14713
2776 15896
2137 12017
5498 17024
11266 16450
4064 3227
16873 10109
17180 12136
13503 11152
15577 11494
11342 5468
8714 13186
13105 11511
16896 10770
9433 8655
10522 12507
8725 11755
1142 14270
13072 14746
8859 16613
1706 15939
16922 11287
578 1023
14613 16398
2592 10351
17811 14432
10718 7860
75 10257
2759 15278
10227 1524
6350 9313
1486 17264
1255 8065
7395 13526
15006 3228
5111 15612
17414 1635
6424 8748
121 4112
13460 3017
10167 13314
6701 8804
5138 17477
3318 13736
6203 16596
15313 8012
8977 1188
15477 7511
6802 14990
8453 9506
32 7987
4575 17759
14407 7819
6118 17307
12442 11724
13036 6284
16036 3673
12279 11270
17525 4417
724 3683
2442 10089
11818 6996
11863 7615
17207 11055
6310 12667
2803 10416
1438 10130
5507 14308
15681 16320
3442 3093
3450 8778
2752 10763
15497 7184
9733 14851
12797 17194
10076 17521
1234 7003
16894 10441
1948 3391
9603 10774
8832 1625
2208 6951
3980 15788
7747 13447
2998 17962
5165 764
8980 1005
6225 4300
8318 2519
13342 6322
5679 10668
14166 13225
4331 6579
3623 4871
14531 8233
617 6561
13477 4094
13582 2860
6534 12728
15436 15696
17829 2641
11300 5724
7659 2413
1286 10272
5136 3340
11745 13858
15877 1995
3360 7350
2220 17994
8785 7767
7958 13809
7947 5812
13476 11481
13841 3521
4187 15237
17506 807
9713 4992
12973 13095
11340 14328
15076 10125
16674 14505
2086 1171
4016 17567
6797 2346
9199 2682
13180 2534
804 1458
17105 17308
16823 8828
4717 7432
17750 11436
5827 7171
13427 9160
11224 14277
4378 14347
4924 17541
2795 9987
15408 14314
5372 13420
13245 10672
13799 10530
5956 12344
13283 10808
12504 16549
13340 15116
16795 1433
7418 15115
4111 14385
9709 7493
6709 11884
16865 12236
411 15733
262 7229
364 17775
12685 922
4317 15418
620 9378
7528 1296
15701 14108
5747 13281
1258 7807
4921 13213
14734 11948
11177 6670
5723 15753
9662 4838
11964 14193
4 11098
5321 4204
3117 5261
12118 2282
2080 703
7861 11463
2595 11740
10470 16435
15197 15073
5610 5979
956 1214
3242 2967
16495 11854
5772 3722
6306 6937
6653 17936
10908 16431
15297 8107
10333 13697
7722 17255
394 645
5052 3865
8770 6001
8381 10862
4479 9408
8090 8788
13454 9614
11200 13594
301 3781
10219 7242
6834 5396
4865 11024
15486 17813
10507 14788
8673 3011
17843 14473
10510 1447
15021 2047
6417 639
6327 7338
11178 15501
6469 3168
16788 8067
17969 12557
16901 14239
4854 7923
4732 17606
5161 13000
5437 5790
8783 2584
5522 2479
3510 7062
7500 4757
17875 9065
6458 13573
10133 4877
2338 6595
17889 1481
3084 11727
1351 11352
13483 11379
10604 5448
11913 9
13973 16472
13915 2990
8479 17008
8774 12331
17429 15018
6540 13027
5514 5881
1451 15457
9381 4616
17199 17571
12454 1011
8359 9121
2151 4915
8937 7578
11019 6011
11375 857
14031 17698
16806 3884
259 3055
995 15815
11480 15217
9488 8177
117 17266
16721 981
15397 17422
8815 15424
152 9061
4076 10007
16819 17619
17334 16220
8562 39
2038 12204
618 1185
347 1099
1013 9666
12153 12096
11674 2635
15193 4816
17159 2025
13556 8100
7672 12167
6762 17839
9809 7217
6447 12826
5830 8581
885 16165
1965 5289
2111 11939
1665 11773
12410 17572
13289 11682
2057 15908
17143 6156
2056 4968
3344 8564
13886 2624
2425 9461
10937 16915
6311 10016
786 6994
8842 12025
13748 16184
5766 14854
13058 2869
9062 13662
8667 1096
10571 17886
5379 4263
483 15599
17313 16933
5385 16252
7737 15035
16750 8356
12271 2457
4408 16536
9795 11371
7291 13974
688 6776
712 2463
10559 7174
9376 8662
8165 11041
2239 17530
6223 8371
7580 6336
4063 14877
13419 1910
7309 5235
13953 9965
14140 5933
4348 9108
3019 11315
15689 7823
8452 3816
1827 9290
367 11153
7288 7828
3118 10101
13363 17069
9732 12446
202 4226
11672 1192
6622 4387
17318 1759
7771 8008
10857 8392
982 4389
5231 13644
9526 11786
10116 3414
757 886
11881 14060
9498 12256
1506 16087
2095 4926
0 7675
2250 7322
3237 7980
17439 8763
11704 1878
15037 7795
12480 3560
16049 3784
5169 3545
5051 10134
6154 2455
6379 12402
15828 17651
1982 3067
4531 634
17216 3985
8089 17293
17344 11161
14570 7943
4013 4004
13615 1059
9033 14406
8925 7464
17862 16772
3286 15593
12117 13810
6182 10776
10934 15261
512 11929
12220 9643
3105 4203
10525 14912
582 9387
4679 15868
4427 17990
2115 16753
11843 16680
8742 6166
16253 8497
2231 5970
5570 15703
14471 14984
6280 10313
11556 778
9155 9009
11409 4522
11018 17644
15835 3952
743 1850
9013 2262
5836 15191
15568 11633
11700 1845
5319 3838
13637 10385
3204 5395
2293 9151
10943 345
1153 10625
12610 1844
16920 14821
17340 8282
4928 2609
3475 8268
11928 11183
4151 11268
14831 10088
1221 984
16570 9052
4762 6690
3171 12448
11369 3554
8296 6919
10552 16508
12168 13296
8435 4132
6736 7345
15622 17895
13729 14083
4828 13478
17295 9096
10734 17668
1567 7346
12473 8665
14822 897
7742 17418
10580 1564
9356 6180
9753 1332
3731 11701
12741 16225
2545 5022
13744 5714
1381 14337
3209 14107
872 10380
10557 17376
8462 16085
14211 11434
9472 17502
14296 5056
13512 7583
375 15985
6070 2577
7790 2656
17853 12285
14357 9700
5107 140
6335 9442
7886 707
5503 9933
5373 17964
737 8630
13480 4839
7513 9484
17498 2158
14360 8716
3430 163
6122 8830
4858 5039
2369 643
3765 14288
1400 8035
10786 9681
16898 9145
2023 16089
2397 10894
8794 5064
386 13104
14325 4615
11728 10287
12177 16254
533 4350
4998 5876
14712 14653
10799 4452
6930 7324
6157 15777
8120 1546
10494 5867
334 11223
16132 12239
14342 10265
4144 8972
10071 14079
11520 14548
2165 3544
1626 6504
2372 3172
9816 9715
13310 11596
10688 2946
11666 5810
12561 8532
17537 12430
16489 13263
2307 3397
13760 4682
2573 14913
15837 6705
3619 17239
6005 13391
8877 12253
9752 5674
15206 16497
1600 9251
509 17309
9458 15145
108 8659
7820 3366
5885 6434
954 794
12274 537
2124 13071
12024 4029
3768 4807
14814 16634
15895 13534
14363 7362
17461 7863
14416 12788
10244 12558
3756 7448
12207 5070
6478 15851
7809 2713
9629 15215
17496 3707
13518 9624
5692 8941
10810 2272
9018 7921
16556 12928
144 10875
17240 6386
14766 11824
9015 3689
10106 3514
7840 6210
10814 7951
16913 2563
14194 9721
3506 5604
9316 14749
3824 10826
14949 16269
2428 5457
3457 1077
11189 5005
4988 4999
6692 16329
4303 4625
14555 15362
10493 17064
15726 6636
761 4172
1599 1304
391 5444
13734 6494
5275 450
4673 9706
10437 3327
17524 4878
16668 11419
5393 6545
2864 1056
14737 15161
7148 2774
5564 16566
12345 9831
9889 2940
642 4207
9383 12152
4324 17109
12849 11641
2212 14204
11111 4799
7817 10436
15181 7164
5681 8908
5416 51
12481 4776
15091 3086
17578 11364
16690 12599
16373 15702
1097 377
6566 1707
1741 12533
415 15641
17384 17425
17952 85
16209 14117
14457 10423
8604 17352
3380 17225
11112 1465
15824 15978
8946 13028
4623 4231
15898 6982
4267 6396
8487 7144
10120 461
10202 15150
13102 16632
9781 14844
7749 847
17820 7327
17899 3942
10572 1411
7125 8285
4701 13516
17160 17167
17615 10923
4702 7708
11809 16185
889 17635
4892 14839
5792 6584
12341 14781
10508 10179
13608 16732
12576 9246
3094 13713
7581 559
4066 11213
7649 3524
131 15228
16212 4965
2400 9767
11615 5060
76 5196
8253 6816
8291 12440
9780 15669
14131 7278
937 17830
9725 11847
3904 16532
17797 10655
7381 7759
13487 12823
10861 10663
11996 417
7083 9471
8110 5523
11908 9058
13038 3169
12765 7482
8136 9546
6781 727
17081 13024
2301 13343
16689 2771
143 14619
7939 11525
6213 7700
8116 4200
17453 8084
16056 2236
2583 4390
7435 5147
2687 11351
12399 12266
10463 2724
4282 17277
14884 1833
6134 8252
7454 16193
14020 6126
8566 10871
4570 16051
11163 5777
2858 4721
3126 11765
17289 17639
11012 16685
13189 2081
8221 7502
8320 6533
13780 10342
119 3134
7990 11256
13183 4820
9229 2438
10320 8610
11516 12369
15202 17097
8923 15757
7204 13060
13331 10186
14948 8334
15253 3092
9332 5980
5872 8316
16454 13621
5736 3221
3616 7549
6423 16691
13237 1584
3332 5718
3536 11483
4962 13347
12848 16023
10868 1621
3468 9198
16934 6076
6612 16422
14797 3831
4509 820
29 9189
12048 12920
16517 9566
782 11846
11148 6406
6244 8390
15841 10430
5992 7444
10044 13612
1892 3726
13430 5237
2655 4879
10434 17653
10261 8613
11988 16754
7450 3745
16703 4917
215 12099
7669 9363
12967 17585
5663 14042
3076 17741
6949 9705
2848 8267
12063 9090
12021 7254
7429 3328
5049 12947
161 14955
13883 12893
6706 9482
672 11017
1987 2326
9319 12655
15993 10947
13242 11898
5112 16767
14532 470
8569 7949
14070 7825
17684 16327
5244 2044
7379 4000
11305 2711
9500 13659
12620 15468
3206 12722
11684 3958
4803 6041
2886 11510
10503 13297
8853 13998
12073 13524
596 5668
16672 11083
9754 6292
11690 12332
8629 16328
6597 10741
17542 9374
13462 10083
10891 13135
5277 6510
13774 2384
12810 2969
2058 16129
2119 8907
6143 8053
7158 10872
6687 16671
11062 12373
16506 6711
7259 3000
15846 6368
6594 10680
2879 916
2163 3871
11174 17393
10825 12642
7035 2143
16027 14179
7349 12044
3638 17112
6683 3381
8741 2462
13372 7354
2529 15476
17592 8731
5556 9438
13819 11320
9887 7841
12724 16621
6030 7079
2559 9349
13831 1366
10432 5578
13611 16332
4907 15066
1493 1537
962 14620
12981 12008
12212 2102
1388 548
13789 11081
3325 6725
7890 1758
10781 17575
10383 5130
13942 4551
2569 5811
7209 11355
4658 4137
9657 1532
16245 4254
8515 8857
13240 13198
12868 14848
5582 2608
8482 3600
1563 9267
2784 13592
15317 14093
8558 12809
1939 1912
214 5677
8728 7555
308 3180
8088 5579
17602 4942
8646 12678
10834 5572
11146 15095
7868 15508
4235 6808
3302 9976
15662 767
11518 3660
8223 17555
1708 10837
3075 4812
4809 12613
178 11380
17169 17433
4633 9880
15135 10886
11993 2822
1562 8710
8016 13211
10037 3456
6753 17736
4473 8142
3178 10045
10231 13825
4590 8764
6665 892
15688 12742
14953 14932
5106 14553
8845 8323
15941 609
5254 10100
10858 2768
8112 6892
6675 15766
3015 6448
1313 6038
14010 14189
8378 3413
3150 9991
6629 5908
11074 2221
2636 15364
16109 247
12700 10038
10096 2799
16395 5131
2506 11261
13628 6003
16293 969
2092 1168
17248 7711
7061 12521
12705 3972
16346 335
16723 3149
16377 7459
2764 10606
16738 2088
15979 1530
13728 66
4805 11990
6567 5588
6703 14186
12568 10157
6659 6745
4381 3301
6373 8270
11433 14910
3752 7543
15026 2308
7723 1095
2273 2973
10465 449
10200 15428
17831 15111
466 14683
16650 5246
12713 7691
8567 3926
5905 15761
13394 5821
9845 13830
4080 5982
15400 5294
574 11385
17444 9146
13208 17566
6276 17000
9107 8303
5637 2617
8027 17256
4692 16279
15549 16468
16145 12703
3365 2452
16670 12428
15885 70
2800 14956
2486 5934
11655 12202
6164 6847
8510 11072
6621 12711
12112 10540
17268 4711
1539 4919
2712 14389
16802 6890
8686 17850
11544 65
2024 6763
6843 17383
4463 6242
14029 4460
13845 12104
4098 9292
16907 2877
6312 9675
738 8609
9832 1902
11642 9799
14484 13275
16446 1891
16359 17807
12994 15550
2861 14116
628 2340
14399 2284
1560 2703
10981 9184
14238 8738
5775 10399
7955 11100
9615 6063
12251 4360
5442 13921
12548 6495
15973 2694
15998 4738
7640 11231
11605 5678
11289 10113
846 5323
7153 5765
16054 6467
3973 15451
9989 9301
613 14355
11445 3246
4341 8535
3557 986
7707 14862
12913 4582
11931 1714
3458 6697
16630 9023
9277 2917
2012 7944
5236 16442
7620 9825
14162 1299
13253 8289
17690 8574
472 13350
17147 10802
4920 15015
811 20
6684 16122
8292 15806
8677 10514
10623 6943
13327 6082
14982 16095
17002 7138
17321 7376
8383 17809
13311 12538
10846 17089
4168 10164
10401 9264
16391 13977
13750 7544
5786 8984
10188 1702
14437 9063
15302 15460
8628 10920
4933 6740
1523 8183
6189 15242
5456 2652
10511 11904
2464 13675
13574 11151
17716 17464
8940 4326
10225 5635
14022 14299
12052 1836
16356 2983
5745 12645
3976 10404
902 11971
13652 2754
10813 11638
1046 1664
6552 9551
1170 17043
1437 17730
1308 11159
15203 7726
15617 15089
3883 13649
4209 16436
14837 10255
11247 16203
1785 14384
9573 9687
1630 958
3546 6642
637 10787
5302 15040
16447 15386
11530 12770
6486 3630
8546 17371
12397 12653
8332 14245
15494 13260
9694 10166
14275 2749
13690 5719
16210 9874
6022 7788
803 14123
10590 6470
3518 16140
10650 5018
4746 6481
7741 9380
12300 3069
11933 11874
15722 10110
13152 2330
11816 17597
11427 10075
4416 2234
10538 15404
13131 10795
14578 10582
516 2977
12982 14921
11785 1470
2899 4186
11346 1489
15528 17360
4353 5913
8122 11271
7181 12224
550 12814
2278 2460
12227 12014
6345 13360
8368 5960
8825 17468
5680 13836
6963 7285
16592 10103
9289 10141
12095 6407
3166 8522
1162 2066
16649 17090
14622 9963
72 3064
4044 480
11179 11892
17137 1916
9460 17545
14526 2716
17882 10210
16502 14428
5707 9917
3794 8656
13738 13117
15319 8854
2473 12156
17200 5157
14916 1799
12082 10832
7699 832
2933 2704
6387 1674
4930 5154
11286 1610
3156 14855
3581 1422
17723 2458
1085 987
15812 15417
16010 17563
12739 1151
7146 17633
16226 9856
5684 7143
1711 2093
8260 9508
1818 7417
13688 16841
13387 17898
4870 12706
8555 3812
13624 15128
9257 17968
3863 17342
15754 6599
2213 8428
11412 14064
12443 750
4371 5636
2122 5584
12462 6901
1975 14564
13145 12592
11527 4764
2782 13103
5569 11836
15266 17942
9248 13698
6500 1125
2388 4665
8442 7950
893 16505
8236 2237
11814 3160
7766 11653
4908 11325
2898 7198
6226 9667
9977 17941
11833 9338
8595 1473
10852 14072
17182 8143
11761 8264
9636 7602
10760 3728
5603 6047
3424 17872
17205 10565
1747 1069
3133 1461
7845 16053
8970 561
14302 9650
16130 11450
11999 5094
14167 1394
11812 11882
1792 3106
17480 3953
13323 17387
160 2310
9943 3890
16163 11194
10433 8353
6016 16387
9477 1929
13765 10376
3810 647
11263 6323
12773 2087
13844 11114
16077 2623
8215 2918
4516 9524
14638 12172
8171 16749
4985 9012
17533 1424
5366 6086
12829 8810
16583 10370
5432 11172
1647 16897
16271 14111
17460 9837
10721 7495
14231 2978
11484 11807
11075 9072
2337 14573
12138 1722
3847 9336
17209 11435
4179 17685
16012 5504
9839 5067
6546 5942
10205 15683
11557 1209
5489 13092
6191 5119
12606 11935
14476 3658
3680 7088
5167 8752
9811 8839
1408 12860
10020 2107
1865 15211
4493 281
9364 9086
4496 5688
14567 17708
17593 10513
7644 10820
16885 6267
6941 3136
9254 665
4740 1583
17452 6523
14691 14738
7601 16372
1406 4125
11651 13490
779 2470
13650 7981
15716 552
2905 3339
16107 11254
17640 14310
3923 15767
5912 8228
6252 7539
5641 8097
2523 15668
469 720
15854 16692
10591 16525
7333 13584
112 9388
17327 16297
218 7661
7352 4195
1036 9268
10664 11015
12249 8635
8182 2484
4297 14534
6300 175
16626 2018
9100 10576
10422 1453
14026 84
11092 12857
3921 2962
15676 5563
3474 8777
10719 17435
7571 16694
13054 7668
3918 11837
8076 15548
7151 5763
7509 3933
11500 746
9242 3695
13890 14647
10900 1603
2662 15027
4227 8249
13517 3374
1876 11411
5580 13365
13885 9956
7084 3102
8250 4268
6355 12701
17389 15020
9265 5731
2844 13434
3951 2836
2644 6488
7988 710
10336 355
4735 3522
4693 948
403 6074
17911 12979
14867 15125
8225 8205
6600 14008
16321 14466
16563 7230
5199 14943
11623 14474
13390 8109
6801 13336
2582 12123
16559 12988
16790 5002
9502 6623
14364 16073
5122 10207
9043 17604
2437 4476
15866 15721
9888 5945
17678 3530
6643 9588
1058 13764
11073 4385
504 4743
16742 6270
6992 4118
13801 6477
17379 12697
4790 3003
12865 13099
16219 10316
5019 12366
5733 4603
4240 10472
14118 3293
8360 16926
3734 3032
7815 16974
14040 25
14601 8051
11353 14382
4494 14571
13286 10008
12447 3370
17917 12376
9617 317
90 314
17335 10066
2002 2920
10379 5574
973 6029
851 3559
8950 9459
17671 14723
7445 861
17164 5392
2349 15385
11947 11717
10004 13983
14199 14838
1483 9659
783 14640
16662 1071
9798 5713
16591 12179
1723 10737
16164 11536
12499 13793
11746 1671
2260 6256
14240 12200
11126 3592
14491 4758
1688 12916
8711 14417
36 10548
8396 15816
273 12551
16909 14433
10499 5627
585 1346
11763 532
15264 3999
6812 15000
1842 13238
5353 2987
6902 8086
15431 1266
16244 4872
15983 8968
16316 1864
8003 13316
12055 13927
12914 1761
5530 8447
8307 10757
13087 8976
12133 1157
1307 13138
5518 10704
14681 3127
5117 11869
5925 4386
1574 17237
5045 4586
7276 17454
17676 3393
7203 10987
15372 17861
9221 13482
9059 8115
291 6746
14023 10425
9601 9405
7968 5398
3609 1048
12779 7800
16727 7977
7337 17751
8149 1429
13785 1932
1752 2740
9960 5209
9339 2192
14137 3373
9210 16222
12940 6828
5848 10043
11695 1504
8685 13298
12604 14327
10626 3225
7104 7590
11775 1127
7628 9110
4459 9038
15485 13399
2691 8688
14125 17179
440 15628
10915 17623
14053 378
13856 13931
10021 4567
15537 6113
7928 7926
6255 16697
4835 14898
7046 2558
17488 15471
6428 10742
9759 11802
17956 12079
9529 8575
15654 17877
1262 14300
3762 3020
5337 4594
4403 14590
14307 15814
5756 17629
3620 5335
5847 12698
8227 2730
11059 17949
4630 6454
3769 1246
10418 5638
5592 15284
3595 9925
6805 10744
1009 4783
2070 11431
15857 6007
8824 14566
5356 1684
5281 4392
15012 16161
13424 5440
7647 6650
17692 5703
11044 5923
14755 4922
12002 7505
17534 4046
16904 11540
3490 17466
7607 1070
6261 9276
1091 6550
46 11023
7515 5205
5937 11937
13395 3217
14799 6383
3045 3573
16214 5532
17580 2
13585 8978
716 6275
1795 8955
14633 11534
15162 8802
2604 7891
11085 12985
917 4861
10304 15525
6010 9050
12793 9995
251 9561
11930 2185
16520 12625
6117 5762
1999 8389
7413 9599
13918 16379
4451 14344
13520 14315
13576 15448
5436 15144
12375 3053
7314 2466
7978 4223
16124 12061
14324 14373
9639 5773
12186 9007
7190 12921
5364 10051
1042 14630
8988 12795
4481 4456
12816 3615
3333 118
9852 2019
7917 11383
4953 11560
1467 7387
6904 15097
1781 1322
1172 15755
13023 17584
12482 5562
1100 5184
2989 3099
1947 9148
3162 8344
7523 12291
5179 6871
12474 15109
6326 1362
3700 12516
11813 2471
17221 17275
10250 2003
9069 3030
13994 845
13070 16881
17500 11603
5585 4556
13271 10543
9282 1457
3886 2358
5203 8755
484 11250
8464 17646
12872 10308
8322 7215
14692 17495
17045 10449
15749 92
2344 797
13034 3101
4650 11102
2540 16619
12040 7253
17756 10407
7824 6543
8944 1790
7739 1227
12242 2883
10738 8040
11857 16488
16325 165
14909 13695
2467 4742
6922 13177
12990 12250
5063 8401
3052 2504
12401 12902
17016 10716
17075 11899
2507 5328
8640 7330
5962 9996
6997 15897
13013 1341
14614 2863
9037 5725
4550 7501
13192 7488
12543 7684
9790 5717
17897 16282
16020 12370
10706 12422
4257 13155
11564 16902
15480 3876
5801 5559
3050 15415
3448 8816
7774 13700
8689 13053
15171 15685
8997 5381
4517 5531
14068 9212
7206 7439
12877 14000
12580 15199
14065 14127
3877 2587
493 4338
17798 3264
11004 1084
1594 7180
2870 11905
11660 14961
15072 11091
9840 3997
15183 751
835 2673
1270 6895
9087 10253
8556 17475
14232 15280
2230 17608
2815 3639
13463 12854
9868 524
6271 567
9153 2182
16487 10129
5804 13351
23 1119
17382 86
6377 7420
14535 12237
14422 14477
10568 4771
656 9430
12721 8257
16877 5843
5251 16601
6894 17732
13908 10059
12243 1859
17257 8823
2190 11667
17693 14097
17040 3283
6319 13470
8496 583
6905 6967
7477 10988
4158 9391
6455 14966
141 13426
10946 16961
519 15216
2174 7757
14744 4468
8329 2445
16648 13544
8414 7105
16118 2866
14468 564
6301 109
10381 4716
2536 17975
6045 11192
15055 16503
669 17263
7312 569
14261 11568
13278 17570
3591 6006
6168 16663
5512 10817
17113 4495
11302 15884
16552 7908
10074 15492
3223 9467
284 12971
10681 5805
16008 3551
5471 4845
5764 9379
9541 3594
6475 6278
14075 17558
5963 15169
4018 15260
8172 1156
6773 7339
13968 15025
6259 9978
17187 8277
6678 7072
14317 3153
11471 9224
13215 10348
14765 11595
10804 17951
3447 5191
14957 2726
16344 14499
16848 13692
10966 5054
8061 8639
350 2955
17675 17726
12281 17142
4488 16158
8017 4601
525 10685
2480 11708
5443 9323
13907 11748
11542 9630
24 1326
8512 12097
1529 1475
14941 2311
10364 547
7034 5459
17399 9085
11175 16439
2697 17133
7032 2348
16892 9201
10555 4662
3979 12348
15902 213
11977 3266
3909 13339
10729 694
5711 14141
5828 12733
5776 648
4435 789
1380 453
5201 232
14481 1302
9244 4133
9454 14850
12984 3874
5887 11202
13762 389
1344 15834
8418 1232
206 6508
10168 4996
17662 8723
11396 2723
11293 2398
10251 2203
10492 5815
3109 5919
13952 4737
16024 1607
2155 17366
10539 7630
11222 17560
11820 7443
5796 7497
14378 14236
1115 6969
16851 1484
1937 3404
2714 8717
17304 943
15730 4430
9185 4883
3167 13452
16537 460
5229 8719
15065 17562
1333 10284
10641 43
1166 10114
8605 10978
16376 4765
1983 17189
6889 13796
6160 6000
15802 1476
16629 7688
4466 862
14999 16945
13709 3042
455 7064
12311 8676
8543 1801
1253 3670
12906 5833
3771 4095
11967 7137
6761 9757
13507 14198
1092 1501
6064 15785
15990 4105
863 9544
6677 13042
5465 13373
6752 9249
396 62
2146 2819
8530 14859
7584 3526
1984 14303
133 5180
4026 5895
11810 13855
10573 7961
6176 11575
16618 14967
12850 15241
687 8231
14188 12960
3482 2701
2164 831
17948 12723
17605 8467
12350 8211
4184 4346
3484 11819
3635 12946
11889 2031
16688 11147
6087 11951
10367 4613
13530 9040
16751 5273
2485 14001
1633 3836
13899 3095
2441 14934
13181 3500
768 11636
3760 13083
16526 398
11321 11428
17442 8047
7922 17576
13191 9314
11753 12564
3898 4568
15082 16149
15340 17638
16171 13154
431 5649
12648 9986
7683 348
14769 844
6285 9736
10621 17172
11647 12229
7897 11106
17755 10851
11025 9253
12544 6492
14773 3894
16623 2196
9967 14218
2373 5166
2887 17847
6214 6418
6008 13823
15269 12094
3157 8159
7496 3763
1244 1045
6409 14887
8283 3723
177 16410
6674 16110
9804 5685
6532 14702
12529 11372
17130 441
11227 5044
16764 888
5071 9755
12318 13052
16421 13014
9521 9162
5591 10608
9154 9114
9168 16576
13603 11087
8678 1823
14429 11878
10159 14425
17793 8517
269 6757
14480 16980
14646 11035
17935 1312
12057 12004
8897 5350
2907 5040
14380 5949
8568 6450
6679 2538
15879 12686
10279 695
3668 252
14370 16413
15119 9425
9255 6748
15472 12958
17391 6520
1816 12831
16280 13250
8920 13469
3001 8681
10893 3693
11133 17015
4684 1693
3006 1494
14697 4357
16004 15639
15968 17085
3656 17378
15038 2099
5505 1016
10069 5216
16676 12108
10713 13315
5371 9565
10278 13679
17765 12476
5300 14719
8363 15736
5363 5243
17302 5689
4474 4099
5705 10660
14678 3247
1978 10431
11955 1230
14940 16523
5976 15070
16955 2908
248 1160
5270 5967
16352 17062
3608 15009
5721 2557
9653 10176
3516 12634
6793 17174
2993 14443
17860 15629
6272 13811
9514 1513
12869 801
16782 16514
1870 6707
12518 6024
8265 16780
4912 8168
15255 5670
6254 5785
2553 6381
4719 17392
650 9120
4959 17786
9397 17065
15729 6340
17528 13437
7979 2814
2505 989
14604 6422
5037 5936
729 3268
2253 1256
13348 8701
9692 17781
12571 12346
5482 12815
14154 2763
13439 17071
7056 8653
3724 5929
13346 1245
2851 1310
6590 9243
3587 3343
1200 968
14311 3727
9066 15740
7910 9139
568 6502
5581 13228
7834 2440
13032 3789
2299 12328
17610 4785
1605 13966
17114 2156
16157 5269
7051 17312
17519 6908
9919 7970
4536 16333
2097 13144
15831 9431
8983 9239
1067 793
2958 817
3751 799
14891 5485
3445 732
8176 8858
7123 17068
4974 14285
5009 11328
3110 14576
1964 16432
10516 7546
95 3652
3779 865
10695 7985
11158 16243
17019 9945
363 16411
8161 3497
253 5129
15675 11103
12181 16831
9421 2733
272 323
15513 2653
6751 3256
4344 2828
1729 655
3271 15813
12436 8433
4885 14444
4987 447
2603 5536
15331 10414
7904 5691
7166 274
9957 16693
13197 17260
14 14558
879 8369
1767 16814
7218 1981
8973 6288
13893 1389
2408 15826
6952 174
4407 11784
6857 3
935 17119
7358 7363
16587 659
13682 1390
8083 3936
2498 2142
4219 939
913 1933
17922 15511
10873 2929
14914 16037
8644 13880
11130 9070
9464 1807
5338 3529
2017 2060
130 4470
11124 1018
864 1062
7222 11504
10107 11960
3822 8580
13354 11787
8400 12189
17802 3738
6099 14596
11243 12114
16832 7446
14164 955
5626 290
16617 16309
10032 7157
9091 13898
17446 14453
17634 16947
10596 17728
10174 9746
5058 14751
4145 8809
3316 9439
11452 12087
7973 17561
7569 4748
8582 9610
11844 13606
4428 15182
17614 1800
13116 12336
16137 17834
14487 9640
11468 12056
17905 4413
6206 4436
12887 13922
13668 9890
2059 4057
6710 15048
12541 11888
7281 1143
3074 10165
2809 5155
5954 16667
14244 16959
11563 7063
13857 7663
17420 5177
8190 6347
5487 7194
5950 1281
4512 11486
14146 14826
3358 205
7945 12038
12933 12563
489 6158
48 4528
3201 5298
15799 14664
11490 11022
1393 100
14881 16151
6483 8553
7368 8657
4607 17822
16842 8070
8846 14878
6061 6175
4577 7
16062 12219
11252 5008
2359 1704
7591 8666
4722 13157
633 14832
3401 14673
4475 9412
17177 8796
1329 1316
110 11219
393 406
608 3509
8077 8439
6121 17215
5647 15587
14860 8419
15036 12403
12892 4905
6830 1347
6257 630
5057 14106
12326 6526
8634 17244
15565 3889
6838 2767
17739 6474
4981 1064
3935 15602
64 7246
8964 14665
9674 5320
13711 7558
12991 7390
3324 4558
7925 17779
7516 1374
12353 14410
6124 14747
928 8457
9791 12284
9270 13930
1482 2658
4019 17987
2365 4906
352 4332
6204 17856
12231 9382
16424 10215
10346 3409
8927 14254
8843 8706
10619 11742
16868 12704
11862 390
1368 6095
15383 6040
6931 12762
2546 11382
16148 8523
3964 11359
10509 5961
1841 1051
17447 2295
11134 2744
5299 17427
6962 15463
2298 6741
17493 11589
7586 2169
1193 6909
9550 11322
9386 12726
3164 13892
5213 16493
6398 9390
12424 3823
8780 17449
7705 10017
12016 16032
2838 1966
11772 8746
16079 3262
12379 17510
8503 10309
8255 7664
14235 5802
16776 2324
11140 15402
2128 2533
7793 8148
15045 9719
12772 14209
8601 11875
15838 11894
7475 5645
13403 9769
8288 3792
2370 2144
10945 16589
14019 6436
5803 3641
15277 10187
16393 11635
12407 2079
14846 1889
15614 1441
8241 14486
4772 2472
10289 14419
16979 8299
8654 9311
719 6555
9593 623
7440 4052
10964 14722
16758 3922
4047 11979
17548 3417
7397 11344
15588 13746
11736 16128
3010 6077
12343 16042
10676 8044
9409 8355
9515 7145
17532 12824
11291 3224
11244 6348
11347 4290
7369 11389
15772 3289
11737 11646
3927 13173
2313 5028
15926 7508
8191 5204
310 14210
11604 15808
17998 3129
6887 2849
11381 13254
7187 5422
3493 2943
4797 11459
17443 3323
349 4113
13710 15243
15155 13790
10666 10605
7014 10269
5814 3748
15870 15013
13307 3843
15710 15449
12674 10815
12416 1979
16009 8087
11324 3311
3148 14939
13822 30
15305 8615
1203 8878
17764 5910
12555 1757
17217 3176
17095 2249
9283 15945
10957 4707
6028 17129
15416 1645
11145 346
10662 1611
654 15948
6179 16940
7531 2037
9857 2747
15063 12807
12278 12234
11612 11492
10502 17296
9542 16093
11195 1733
9779 2999
7938 2721
10156 11447
1701 13634
10344 8104
5484 12531
13920 13925
2006 4956
8441 6165
14589 12143
4980 1927
1108 6456
2490 12409
3038 8539
10728 7792
5043 17181
1158 11559
5517 11239
14895 7375
3495 4278
4647 7292
14460 17674
2843 6774
15571 4710
7301 8127
16863 4423
1519 4822
14812 316
4676 10303
10362 7587
7537 842
14708 4448
9699 5095
12574 10989
10705 10236
1601 3648
12528 9029
3432 13550
3421 3944
12522 11294
2981 15893
12651 6273
16114 6031
3233 11927
8348 14861
8420 1957
11952 8960
0
