18000
17419 1975
11605 3084
14132 16544
4945 1262
8803 13109
12538 1637
9952 11938
8865 17105
11133 2127
15818 12247
5419 5674
968 6410
10534 1244
10584 14469
3071 17913
8127 2675
9762 14983
10889 2404
16007 15456
13587 4775
11993 16858
5948 8778
12594 2660
15746 17646
11265 4769
14825 13986
4288 15161
12463 16880
15983 699
12975 8352
2217 912
13328 12710
2093 15711
15702 7301
2821 11650
14514 1565
460 211
2053 15119
12615 17417
5518 8153
11199 1955
349 12718
16361 3711
3017 12951
11055 6464
7922 15639
4803 15424
16258 12789
10591 11785
2563 16611
14335 11516
652 12652
14748 6771
9524 16297
17388 316
5096 1474
6046 16273
14171 339
2516 13720
16326 8938
8904 16727
13114 9197
11576 10316
4981 15177
15758 1247
9994 17732
10894 15221
7853 4437
13431 11238
10221 11821
4365 13
16412 17026
13413 5617
14892 8547
6764 9797
7729 5140
17992 2964
11775 5466
16840 5023
6217 10391
6225 2739
16999 13857
2809 9582
10471 410
17814 16343
11122 9132
12823 6108
1897 1966
7436 6199
14252 3516
16311 11856
15289 4536
10132 14257
11377 9978
11839 17380
3859 9014
14205 8001
8029 10158
6922 16927
5724 11578
14248 6741
10521 579
16465 10735
11268 8671
1111 3627
16441 2178
17177 3168
10035 6555
5746 704
2289 9625
7902 13608
5665 2495
4586 9143
17880 16962
11478 7132
17195 8034
5882 3707
11362 17071
8057 15398
12827 3971
13172 7308
7835 2820
3655 2389
16446 12379
1048 9360
59 10892
4705 15257
1308 5404
13076 14274
14601 13875
9829 12847
8970 9508
4849 1350
9928 17715
11721 6421
9812 7872
11566 9384
9459 4883
12226 16856
13140 17306
16305 15020
3445 3968
2666 6528
9921 15094
13809 17820
3599 13230
14974 9961
9999 11370
6111 11166
4692 7719
13715 17215
1787 11297
11041 17310
15991 9001
14342 7874
10459 2930
6582 6269
17581 1386
7458 5683
188 2004
16437 5072
14746 5056
15493 9271
2766 3403
15287 17496
7722 17097
2858 11143
13800 12444
5251 17824
3938 9505
13009 10916
5253 4321
12108 1674
4404 7782
9031 5747
14005 4949
10469 9382
15805 4143
6539 7909
2968 897
3026 6734
7112 7680
17370 13830
7602 763
10441 5797
16947 15836
8256 6654
6546 11118
2378 2639
1754 9733
6588 861
14853 15060
7320 6133
716 15757
14639 17410
4066 12701
13609 3446
4557 3583
4376 9960
11003 15149
16301 11932
13118 6844
11173 6920
4824 1968
15450 6719
17890 13932
14730 15563
15041 15790
13156 4253
9840 15524
8788 14231
15359 14650
4655 4696
12703 4446
669 3552
14345 3293
8105 7703
10874 4872
17919 11813
6348 14830
6601 16235
1741 17609
5600 12711
15422 11470
6030 10773
15330 13121
14230 13951
6477 13411
16449 9855
9156 4124
13260 3861
13965 7070
17404 15902
8313 1840
3617 13706
5750 10043
14396 12682
8395 5116
1264 14313
5834 1318
9097 15029
6968 11215
6773 5368
15269 10357
15628 1430
3490 16914
14940 12397
2868 9258
12753 4573
6429 14560
10532 89
17159 9051
66 5671
2462 767
16583 13910
6680 253
11233 10921
2897 5590
9933 5967
4302 14201
4201 303
14933 17434
12608 4546
707 3447
3069 10174
6023 1936
1235 17328
8608 9986
17135 6070
16369 12921
9500 1947
1471 87
13258 14395
16053 7995
8664 16450
5648 11842
11299 12692
13838 2860
10678 12936
17629 17133
3075 8186
17301 6887
9182 5919
10862 29
2969 7243
16786 17839
5785 16457
14931 5420
17495 16453
17018 10181
11416 4297
9103 592
1455 3352
17067 208
12542 14923
16223 15263
7054 14969
14992 9798
8353 14305
13298 9927
8932 9050
836 11260
3217 3596
737 9900
16844 932
14477 13899
7444 16898
16895 10321
14405 10197
12972 4054
5434 16495
13759 2140
11099 5762
9401 6095
15200 11056
1878 12872
15638 11285
7051 9565
3429 8022
17320 2153
3244 2397
17299 10287
14583 10613
9080 4443
7958 10641
2642 6803
4950 17329
2202 1958
8972 17833
3732 17139
3697 2425
15237 9297
1689 9637
9711 8950
17599 14860
10638 11512
11255 4853
14914 15999
1238 14722
13310 3008
16689 4841
10380 8592
1609 8687
14025 11463
8242 4516
8637 1505
2632 12597
16839 13311
12937 9559
5260 15804
16173 16972
13799 17354
13336 4556
17508 16145
7697 14956
12830 17040
16419 5676
7260 8851
15747 6466
9241 943
5561 5235
1534 453
416 5645
7081 14158
11663 8143
2610 17426
9523 13516
743 13366
17154 3562
13595 17545
6064 2073
17524 4467
11811 3155
14563 8580
2148 14315
14599 5290
12023 4581
8361 17696
2400 9666
2366 16901
11550 1248
6271 1636
7981 8016
8042 16280
14518 5333
13481 13781
14264 1272
11018 13518
7321 9901
14385 1441
5942 5211
7564 7206
7413 559
16260 10298
11378 17783
10681 16125
3979 11597
1371 7755
4862 13531
14869 16748
11447 9423
7266 9362
15981 17965
2528 16723
8067 5522
1271 4896
12214 6807
1909 4416
2072 6611
16265 4875
15627 9446
792 8943
6426 1360
15247 11225
11468 6812
4312 2269
12328 14871
16302 387
15595 7811
10271 15948
3064 13284
17475 13178
15776 17267
7089 16826
16248 695
6995 11558
2664 3299
5770 17755
1436 10918
17467 2859
11530 1443
4078 6033
12506 6742
11417 10388
9333 8219
13367 15253
4551 9467
5274 6510
11210 17478
9697 15295
10976 8985
16634 15710
7285 720
1900 8068
12273 8951
4037 2894
9910 9416
77 15649
17812 16325
6556 8923
10705 14790
16866 119
6923 13094
10519 5281
14519 11689
8348 17737
8571 15484
4737 13066
16652 9344
5601 1343
570 12342
2375 4835
10881 9715
2380 14192
2448 13564
16023 6241
8998 9515
3823 8443
1668 9509
2615 4310
13610 7239
6964 2876
5031 7230
9741 9273
4628 7457
1761 7513
13317 5497
17568 6172
11236 2101
3441 5755
10722 11866
7789 14074
3408 17698
12863 10326
15081 3227
5340 14199
17120 12036
17641 12297
1373 14119
15366 4779
403 16798
509 13290
3983 16052
8282 2648
6367 13038
5569 6736
7133 185
7124 7241
12046 10
5734 17816
2572 7462
17690 15680
12770 16641
6752 7185
12181 8457
3065 8291
13969 3258
9764 5266
4965 17936
1847 1483
11925 13199
14336 16729
4249 13972
5357 3335
8420 15695
17078 13829
13175 11068
15184 3540
2756 10737
10238 16359
13490 9226
10684 8630
17331 9221
17885 9282
9082 9044
16424 12197
16263 8818
7772 4673
3755 5057
172 17876
15798 326
1538 9481
14321 16964
8726 16142
10507 13153
16859 12671
3534 4715
13996 7932
10958 12610
10259 15230
2247 7750
9400 354
6128 3027
13001 5145
5646 6704
595 14642
2441 10260
10886 15451
7238 16264
4575 14088
14922 12179
5071 3350
8887 8441
15036 16259
4391 4992
13084 11678
14063 7092
507 6400
6435 6973
7233 2720
15281 1281
16414 16543
11302 17544
10752 17197
17021 16530
15698 3044
8411 3465
6415 15049
6021 8463
17688 7294
5336 4507
392 15709
2741 16009
4820 9371
12403 13437
4465 5383
2643 1475
2791 16021
7714 6879
6475 5390
5612 10499
13874 3831
13191 10712
10423 4747
13195 7318
7676 5346
13623 15727
4211 6498
9535 17168
17897 309
14516 2526
5201 11469
12782 14538
5089 12408
1222 16200
13878 10479
3517 2965
11584 7817
9445 13459
4412 15191
10696 14577
14822 3651
28 14750
15097 7296
12351 1802
8409 7566
550 12892
13474 5469
13753 2259
10268 7055
10965 4372
9194 9877
14592 14998
8941 3609
16346 12869
14268 11670
15444 5309
8236 17072
2249 6930
5190 14635
2149 15875
9039 13635
15396 5660
840 7882
14843 16272
1292 5545
678 12412
13676 10635
3897 8215
9332 2530
3207 4367
13173 17053
1722 6959
3260 17046
4741 17056
6552 7567
16576 14985
10315 15460
16890 9512
13641 8733
90 11691
11429 14429
1852 2179
17011 14443
12171 4698
11995 6656
5218 16899
10493 11521
2251 13617
11159 6034
11844 998
15284 5623
1848 8090
15403 10433
167 11264
8881 8138
5334 13506
7167 13177
2049 122
1146 1986
1513 1711
2122 6912
5017 329
4538 1424
10620 13196
13682 3703
13062 8777
15769 13186
16706 9539
17161 1434
11434 4543
11996 16028
9038 9319
1139 13912
2690 14952
3618 11562
14556 14950
17810 14060
6155 16046
13473 17234
2271 4035
3428 214
7808 15652
3553 7207
13167 14198
5610 8437
12453 7532
12848 1593
909 5806
15197 6733
10042 16685
17622 10393
15309 4057
10914 5010
2978 17122
7282 4186
1442 6761
527 14262
2372 16894
7638 14095
9267 7192
1774 4562
11703 12388
5392 13092
10791 402
3113 8600
8821 11931
16300 6514
5387 8266
9695 13686
8918 16915
9091 15142
9964 6542
7547 5846
7820 2907
14754 70
1116 5845
9058 13008
7323 13300
7002 6896
4405 6690
6603 7100
11692 12680
2170 12677
6274 17803
8879 17289
11755 15443
10664 11454
15335 3784
14636 17691
15892 9207
2797 16322
504 11351
5440 17458
7411 8712
2497 2459
5292 2716
10789 13751
9002 6718
8886 15198
13509 1752
17383 11870
13577 14053
12838 11306
10468 10121
7086 2510
4475 13882
13450 9954
1018 7284
19 8050
456 4602
13755 13251
16101 10639
2972 16493
7248 11311
10982 3093
10446 3468
14826 6526
10806 16405
13925 15224
14718 7347
16344 7848
4254 12599
5037 16843
9702 16870
15265 14617
2718 1696
16907 6860
1499 6822
1114 7214
1311 2583
14527 14833
14716 16295
8079 9028
11356 1789
3314 16161
4661 8839
72 15526
11029 2345
8903 12650
14059 17847
5544 17852
14984 8233
14547 3124
6945 14368
16051 10245
5920 13818
15137 7979
11736 9874
1019 6726
17220 514
16444 14682
4735 2284
7523 2939
14546 10399
5552 9214
16427 11666
7424 4432
16747 3743
7480 17647
13371 2947
5237 8643
10218 441
5144 8505
10148 12170
3611 1606
7168 7244
1972 2533
12189 4579
9268 8947
17728 15825
12953 7578
16063 3433
4045 3096
4738 7341
12498 3799
3975 6554
17603 14598
13657 15577
8473 14493
16762 15868
16473 3922
15723 14384
16751 13847
10145 386
14744 12347
14480 4047
16910 3914
14218 5295
10210 15336
15660 8675
12983 4921
2913 1353
16990 16250
11497 16783
16588 8869
9127 9909
17722 6312
11368 2808
11655 7610
5479 16406
16514 8765
12318 13270
11066 15255
4854 2230
6985 17355
16938 7606
3642 434
145 14490
15009 7435
15678 5347
477 7439
17504 11957
15206 17502
15939 14465
4205 2514
10060 11059
9534 4154
2266 16032
2208 5230
15394 3390
2030 6072
12759 16279
12335 571
13656 7213
10883 1945
13168 15707
10865 11871
1278 9265
100 587
12864 16205
11534 1303
9531 15622
7658 5651
4695 7758
16156 1321
12141 6826
11976 8874
673 10671
17049 3152
5413 14242
1675 16253
11316 4295
11937 750
5123 4408
563 2584
6476 3450
11788 5821
14606 6732
9566 16893
6305 15592
940 17736
7854 8083
12663 16292
16708 15714
5330 8407
11588 10925
11575 3986
9773 3848
4567 17798
4368 3509
10258 7734
13556 11727
5720 15489
8387 2361
9712 11959
12240 2426
14033 9090
1727 9914
12546 9751
4740 4915
7419 15560
3231 12970
16986 9476
7920 16092
7959 15037
7389 8296
12843 11489
135 5429
1846 11226
2657 13795
11728 5717
886 16900
11172 6259
7197 2475
6268 8422
12732 6
6359 3373
2264 946
4041 10692
16476 9248
12202 4919
10771 15220
14955 752
16570 719
1339 12043
2926 8983
6375 1698
14954 7470
4590 13471
1263 7553
14685 17325
10500 7652
7788 14246
3252 2937
7008 10208
13849 17671
13400 8783
14141 14050
10330 4291
7759 1557
8518 12256
14840 7753
6716 3000
11791 9291
11600 9060
17116 17024
8459 2693
9358 3057
10187 6389
8103 7253
2674 13711
7913 6848
10262 3091
12960 3444
11242 9968
10149 12099
12704 2316
15713 16219
2627 8556
4166 8532
10653 7236
7675 7914
5625 3291
5551 1274
12870 14148
16168 17598
3254 9316
8922 15003
8137 11200
10510 16743
305 13479
7020 2915
15696 3351
12030 12494
5193 10903
12712 2477
14836 17181
15482 3053
14219 230
10880 8968
3123 13415
2910 17825
3959 11773
1384 5886
12091 7812
2261 1918
3424 10422
1143 16961
686 486
918 3327
5376 9280
3257 17840
3545 6146
17701 3592
4434 833
6581 7929
3764 404
11999 17767
12996 3624
8048 13042
1266 3963
14023 6377
5286 17607
8574 8568
17928 13232
16341 4067
4828 11457
10920 13318
17172 8604
12661 6527
16657 8139
3943 4472
2575 8205
17749 4650
4260 14979
6586 13435
576 3319
17175 8337
12899 8758
12268 4418
6360 10718
6125 13500
8397 1310
14828 8789
8109 3902
14007 10634
7061 11992
250 5427
17830 9018
17280 10738
2867 4933
17371 3974
11345 17451
1950 4168
10051 11886
11526 6928
10652 6560
5874 16229
5995 11240
6447 12478
7892 7522
16845 12006
9244 2786
11990 1837
7765 10246
8406 17565
10436 14126
8000 10394
11700 7330
7687 11765
16213 10848
7962 17676
2409 10522
15358 10542
17541 3894
14 6617
7946 4617
15410 224
12488 16299
10964 16517
8579 3371
14317 10070
2319 5754
10212 8172
12747 7668
9873 11415
7348 14494
923 14810
7024 4345
6838 13752
14725 343
6238 2111
14498 13563
2192 1206
17776 6836
6640 3715
13772 9866
16123 16111
6169 6885
7128 1357
6837 10119
8021 3210
5525 15631
3650 3144
2842 5539
2877 15376
3499 2435
10317 17228
9907 195
17472 16209
10156 1336
11978 3404
17095 3242
8359 0
16549 13049
15771 11280
8538 6098
447 3813
1770 4877
5881 14307
1465 9118
6776 8531
5229 5804
8066 13739
9140 8774
10743 17949
13941 10807
17895 8868
2267 15760
13007 11405
331 16068
17560 14209
10228 15490
16605 16269
10525 15812
17695 4801
11685 157
1845 8826
6262 16047
146 3375
14331 5550
251 12281
12539 4064
6142 4471
8977 8275
2176 15891
15288 8244
4458 9375
9281 8720
4255 7220
623 13768
931 10214
16275 11699
14432 5163
8661 9496
11831 1762
9752 8415
5426 3912
13453 12434
16702 4777
3023 12787
4944 5499
6331 12340
5906 14114
16508 440
1551 1028
11327 12459
16174 7851
4502 11763
4685 2304
10429 2882
10265 12266
4145 16775
14709 5173
8910 4707
16765 1219
6835 2750
15586 14543
524 15808
9383 254
9516 14965
10996 4986
17750 9064
1678 16319
10950 5053
13176 13207
5678 8805
7766 2909
5726 14466
9379 17563
16918 4076
14146 412
15023 10698
1128 10325
7428 15189
12678 17025
10919 17665
15254 14344
16540 14179
1781 15517
12014 17282
13134 10004
9367 1888
11234 10815
7500 12025
2103 2546
4571 513
7894 12895
3379 17867
12904 4963
8866 16688
7849 12194
6261 1086
2407 3795
2758 820
1817 1393
330 14417
14112 4382
16960 17884
5255 17158
425 14995
11891 12096
5964 1603
5971 7936
1574 288
7991 824
1904 3283
4022 8997
6892 9796
4142 11384
3081 3672
14690 6982
942 10141
5176 2941
16282 5267
16852 8863
17826 16676
7493 4207
5373 10732
6106 7254
16533 7131
7113 4970
4730 10728
12520 17800
9980 5042
78 11423
5365 7143
10257 5269
12220 371
17342 4776
13126 8504
14866 15050
6778 3386
17412 15530
2468 3895
1046 1746
3856 11296
14117 10489
6961 9335
9310 4028
3503 4968
5857 10926
7222 11308
11091 38
3458 13491
436 3174
11095 4540
2636 14151
4323 14811
12740 11229
2229 12232
4071 13278
11155 3036
8688 17022
11908 4221
11400 5524
12911 15426
12670 17819
4979 16861
11246 8
8131 17264
2992 5442
7699 101
10117 972
12048 11352
14000 14656
16637 15662
4818 10922
13419 6590
15724 9794
15416 3953
14545 5154
6753 10028
8007 1037
15412 4995
16351 13990
4984 15900
10079 6084
16953 16873
15624 7859
8226 7037
10352 17087
2878 9062
1138 17808
643 9809
3410 12547
16140 427
2845 2080
10426 6663
13040 14120
16724 8814
5992 7539
2181 17948
3442 10253
3584 2606
14271 10383
14842 2017
4512 13312
16409 11180
15089 13426
2273 5856
391 17886
14655 15657
7317 15777
1255 4395
16518 4874
14596 11357
12501 6544
9988 17834
4770 16001
10766 5868
1291 14713
11202 14474
574 4522
14341 10667
7107 5076
4459 15540
11462 11186
4911 7335
7304 1175
1331 7975
5888 2793
754 5289
12723 9052
6319 4518
4717 6809
5210 231
8045 3654
10237 7616
1926 15063
5627 9203
1212 2164
13683 3030
7799 3528
4415 9554
12655 12999
6676 10040
16390 6230
11732 17674
1582 11834
12625 17229
14277 17828
5486 3965
3315 10147
8555 617
12470 2522
8583 8197
6336 6405
9399 8655
11843 7814
5115 11001
11394 2393
8453 4795
17807 10274
2387 3309
14044 6811
10032 1231
9043 13024
10248 9465
10130 3498
4619 3778
7342 3991
10578 129
6794 11556
5918 4810
5461 4324
7265 6575
8404 1089
3035 17579
7976 13146
17645 17147
14774 12997
3923 10625
4162 15799
11380 3436
1108 5675
16482 16479
5355 4478
17557 9991
10792 17643
6839 17061
3166 7663
512 2746
10202 4798
8956 8768
16945 817
10356 6636
2488 13408
6335 10833
10633 12903
6988 6160
16270 1856
17103 9561
14383 16176
5756 17484
4098 14968
4209 6607
17343 10552
14081 17548
12733 5468
12034 14030
2762 15903
2470 4652
16535 3574
5293 2559
12147 7350
10526 364
16735 9881
6856 3621
15611 13351
15972 12720
3788 6135
15065 5594
9216 8061
14568 6935
3780 7577
3240 4694
3698 12250
2493 4494
16291 8875
6492 17550
9196 14776
14990 114
7581 10071
2256 16110
4620 16969
10300 12957
16255 881
10136 15045
8509 286
8636 14266
2847 13164
5792 7518
11067 12081
5538 9821
17114 12963
8527 3349
17532 1758
16090 17107
13086 9970
8241 15630
6999 10464
7400 17238
10623 5014
5268 3259
13638 7396
5620 1601
5414 12477
12159 16421
14777 4063
11637 900
11448 8613
8677 11538
13872 9017
13508 16857
4699 15312
9864 1184
10101 128
2696 10699
15428 3792
16598 17916
7600 16937
430 8227
14389 11145
10280 10150
871 9998
13442 14851
13071 545
1624 1004
6806 7690
14139 8871
1472 10184
15673 3888
8190 16376
10537 9059
16877 6854
17953 10536
15504 14771
2402 6120
8486 6683
3469 6414
5789 16377
11304 16004
11880 6768
7927 14570
449 4262
17141 83
14102 6740
4712 5164
8841 5953
3522 4528
5046 15559
9526 16304
2905 10381
13360 6805
15033 2234
15192 15641
17836 8363
1655 9188
14779 10049
11816 16823
5241 1910
599 15163
2788 15307
14808 10386
4206 12551
8924 6181
16128 4185
9173 3585
7586 10304
4855 5812
5374 423
10960 2060
413 1803
8722 3852
4869 1605
4687 13075
17102 12522
13424 979
16360 14043
8147 10277
14736 5080
8281 5850
7528 13987
14841 11694
9158 226
644 14374
4583 4094
4097 13961
3945 3691
13931 1372
11130 4768
17126 3143
1806 15881
12833 11191
2983 13010
14072 17862
672 10558
9664 5502
14508 11440
8451 6147
502 68
15685 1101
706 11944
16347 3976
9176 16768
16673 5395
13434 10971
14213 16484
6219 16143
4394 3007
11628 4325
7009 4424
16448 6738
12742 6625
5084 3737
10596 15162
12162 2467
7352 12280
14393 6547
8804 3063
6861 470
4420 8230
7852 3892
1060 4099
17918 10561
6981 12358
17016 8994
1541 16129
1548 9440
6895 16070
9198 8107
14667 9932
13600 4326
12341 9839
8860 17946
2781 15739
3324 7557
15781 13269
7800 727
5661 4816
14665 17571
9644 1531
11632 8077
12188 16936
12337 16079
9819 16413
8207 8634
6578 5731
16198 3127
2630 14476
1007 15321
17707 15343
6311 5354
5204 7807
11071 17804
10505 12820
10840 16358
16098 11409
15885 9825
11798 15984
333 12146
14036 10853
10745 431
10206 16489
8847 6918
4641 920
4132 12799
16020 7117
17823 14488
3271 13116
2667 1000
9587 1559
12471 6767
16577 16932
12586 13417
352 11681
4817 2511
5378 14901
3844 5203
140 14618
6446 7204
9780 4863
3759 5905
16033 4236
12090 4597
7803 8391
4423 13832
6580 4174
5903 9301
4305 7379
16107 8639
15070 2310
15313 17399
7202 7397
3438 3581
8403 3887
843 7110
5744 11696
12866 3241
14082 5680
12089 3660
282 11388
5283 15813
14586 9393
9433 11100
13583 3656
5969 10935
13868 14018
14644 3804
3146 13653
10661 10527
5246 16564
17294 8187
5213 8856
11465 1785
1694 664
12128 3423
111 11631
2695 6576
8277 899
1779 16763
7735 462
6068 16556
7216 5452
2490 16285
1134 11498
14689 15360
14949 11047
3690 3470
2279 9034
16202 7072
6865 4548
15792 17902
11293 1939
13658 3550
17319 1452
11321 15178
10437 10272
2106 12639
8163 14611
638 13421
91 4534
6859 15593
3019 17956
13039 16828
12150 13211
15877 7364
5847 6244
8617 7928
6398 14703
221 730
5401 3051
8015 7839
14883 16912
12798 379
6701 13223
13387 2841
51 12640
16345 1853
1211 11984
665 12483
6815 8416
15088 12809
15957 12420
3341 16
3334 11309
9019 11542
15967 5700
12715 12205
14859 14216
13162 7829
5225 10640
11845 8767
7618 668
17768 17257
10668 2438
11895 16596
217 4194
11531 12190
13135 7599
15654 16744
9163 7535
5296 1649
868 2198
16186 9760
593 3533
15850 12446
16491 9354
3040 13396
15100 14150
5535 8484
16803 3603
4294 9872
7984 9973
13598 9540
8791 12781
7104 15954
5324 3999
2618 6097
7563 200
15314 1110
5150 12940
4008 677
2673 5318
225 8801
13527 5809
3140 8862
14928 2611
17536 9768
17100 914
7121 9119
16715 10299
8051 1047
9326 7454
16755 6484
11019 1020
13233 9137
4303 12321
9079 8921
14017 9594
6962 3508
7307 4250
5481 7300
15539 14436
16375 3059
4630 2807
1650 4289
13185 14986
13702 13545
3675 893
4210 15494
13862 13399
10358 12728
17321 2760
5288 5100
13714 9376
2959 5109
6103 14733
2981 1090
1319 11934
15670 1701
8340 6326
4049 142
7356 9935
5013 5111
10941 5911
14993 17516
17630 3455
5777 4068
17218 7345
16402 14035
2812 11645
2157 14856
12932 8229
7497 12415
13980 7383
13729 6081
585 2059
17170 11951
2195 2710
12344 9642
13578 6257
13031 12635
10897 11659
15827 10761
12376 3346
11832 13790
14773 8329
8909 4315
10909 9603
11094 42
14380 7467
5940 2608
11472 9684
8969 12562
2466 2701
14310 17925
13226 3679
15455 911
1730 17493
15684 14106
12109 12123
12765 13806
7446 4308
10494 6393
16501 6535
10662 6940
8202 9349
4282 8771
8009 7198
10517 821
3054 4191
12947 2513
1078 16612
3482 16759
17523 16010
17450 13022
6087 7591
15958 529
1715 1558
14542 8753
14932 1556
13197 11049
11364 15000
16653 16366
16356 6788
7823 17573
7635 12918
12531 17373
9224 1647
11554 4719
758 2172
761 12236
6366 13848
17482 3677
8743 9850
10601 6637
12572 12242
13622 12041
10837 9169
8272 1985
3504 7637
8986 11078
8370 10157
8204 17680
7912 11141
7451 4032
6819 9616
14964 5640
14085 3356
15420 17638
4614 15182
7955 9533
16436 10225
6236 11665
109 33
14896 1769
14634 16940
626 13701
13734 543
93 2631
13913 8870
6610 10618
15193 13147
2911 7721
13904 9145
3559 6613
12394 2743
14428 7065
12839 16039
7007 10064
10303 16298
1261 1521
4227 11549
8347 2265
4120 260
2320 934
8392 3830
15718 4935
10606 9693
9676 11827
1657 9605
11391 805
9867 2637
12806 9292
13294 10450
8578 4796
4340 193
13155 10939
9395 14908
5483 9984
6291 1322
12689 16089
6148 6178
14104 7306
12841 6937
12059 11969
4794 10419
6440 5114
17966 1215
971 4406
15240 15068
12047 8193
4082 15856
6138 3337
3308 1957
6328 12401
5406 11808
1735 1180
15095 14058
1008 8129
2655 17492
11398 9779
8260 6550
6818 5900
3297 11511
16793 7380
8156 10504
10417 11527
14452 263
5542 1805
8582 321
3024 15507
15389 5667
10721 13594
13216 5247
8657 5927
16014 13754
14377 15129
1623 11702
15893 15525
2779 10465
9974 6165
3670 5212
5913 17592
830 5082
6992 12774
2098 6463
3739 9931
1370 12695
2500 14024
210 8690
11759 561
9313 2532
1488 6314
235 8769
2698 2324
11363 7856
7505 4296
10612 948
5582 10404
6067 6695
1040 6086
1512 8286
80 4559
9725 47
3855 2623
7866 103
9662 6482
6993 4237
11035 13286
13056 14250
17625 14726
369 9959
3535 12995
7386 3661
4815 9130
11410 12348
8916 10597
6334 8431
562 1545
16141 1043
2814 5358
4195 14681
6232 15113
10936 3397
16601 10611
3422 5482
12734 17811
7604 5344
5409 4492
1030 15977
5317 12354
17700 5527
15689 15280
12917 14163
6105 3025
9946 8482
4119 17189
1085 17180
7664 5262
12 14027
1992 7232
8834 536
8929 17633
13855 257
205 5907
13124 8208
16971 442
17477 7155
11080 14668
7126 17771
9837 3940
6808 1457
17837 13694
3274 14897
1728 1083
16429 15927
10769 8082
3808 10876
5191 17279
15467 13895
9213 5408
7463 489
4665 2687
7005 5214
5075 4426
1708 2182
252 6917
15002 7943
7349 17074
12057 13843
17971 11197
12381 8182
16486 7495
5810 7057
10382 11974
9463 11906
10334 17855
17507 1709
16841 2277
12119 11195
17666 1524
15907 12593
6598 1884
7625 12343
14558 985
2904 12217
11973 1421
13803 13988
49 5694
8982 8076
1599 3527
4204 1195
6728 3062
4122 2672
15693 15186
12021 1456
14906 8905
17231 1627
16226 4222
9787 7634
14706 4320
11532 9443
5470 11846
10213 5910
2835 4568
11290 15619
5817 14128
13080 17639
13523 10548
12749 14798
4501 9346
16114 7152
9967 5638
8723 8641
1751 9108
1494 1479
17615 15018
15053 15725
10621 10129
11784 7585
3220 1659
9327 15666
13344 124
1038 15515
2776 4755
9096 674
4129 5540
13032 13982
9878 8158
2585 14951
5005 17260
8238 1905
4533 3869
15989 8471
4339 14944
9852 473
8632 3233
14019 262
1098 6044
8318 3180
12468 17367
3523 14714
5095 4137
10343 6248
3476 7013
15671 11160
4430 15508
13784 3101
4466 2348
13239 8553
10813 10589
13770 8269
8781 11407
863 16353
7569 4024
14567 15817
16487 13974
6154 1987
2054 828
5093 14136
8560 3358
13384 4851
647 4108
12679 5457
7587 5793
17531 8625
13801 16633
16057 11163
6369 15966
13553 11979
9955 879
14223 7815
1224 9706
10850 12465
5465 15228
11899 1074
15643 670
12879 2708
3927 1949
12880 9549
11193 7937
5776 12419
11902 7267
17517 2315
8263 7472
7919 12567
15636 43
11371 10397
9926 11778
7504 1470
13643 2250
4052 11421
2889 16170
15956 17059
4881 452
1097 11382
9315 15005
5456 13915
15073 15538
7560 12708
4748 12927
13576 7195
17385 56
9242 17769
6713 3727
11338 4555
2081 13651
9882 17436
5503 7150
6549 5139
12192 16726
15196 14837
1965 12736
10569 7255
4702 14929
11385 10962
13047 5596
7704 6013
4767 5556
974 12221
10908 4612
2285 15222
6904 7674
13028 2278
10118 2596
16019 16797
1419 10420
4241 13498
6109 6266
10039 5673
14433 14780
1022 6349
17352 14251
13470 11483
17733 4141
4660 12456
5276 13346
526 8092
11358 11183
4461 14176
5197 7810
5843 9997
13489 13324
2239 17098
11586 14536
9814 4840
7357 16281
11392 1710
3742 2000
14299 6083
8852 3289
1638 17937
9620 11988
2351 4595
12307 15225
13586 2653
12384 4706
2787 11142
10859 16662
8987 16294
5926 1771
15159 7212
11741 9165
1742 9274
4656 12762
10279 657
5895 7631
6634 8351
12992 8180
11559 8493
12536 12627
7 14589
9576 13006
14622 12853
12989 13735
5686 10443
258 9212
7427 15786
97 3853
14021 9323
6015 8760
959 9692
2037 12783
3253 3797
9122 457
1899 6551
16452 14884
534 10503
9518 5852
5798 5425
2189 11241
12766 4077
11921 2300
5786 14420
11860 12271
16728 7105
1252 11528
14571 1100
7626 10693
14265 17362
4511 1912
675 1280
5685 9339
17081 8957
6786 1403
9937 3871
8173 17030
17952 4352
15001 4539
10009 5238
791 16342
7873 16024
12371 9012
16788 5049
13774 8081
7511 5040
5064 9705
2034 10288
14143 5790
770 3766
3931 15169
10289 9208
16383 14467
15898 8806
13841 1323
10077 607
15234 6700
17211 5870
9859 9049
9246 7414
8476 1394
2699 4140
15820 3066
11092 7479
15858 5474
11617 1520
12859 13447
5367 2473
5800 8212
8609 11841
16159 11963
8827 17075
16654 2213
160 12824
8800 16787
13112 14533
8523 14789
10670 16401
14760 2112
15238 10160
6074 14916
3192 5126
4390 9075
12668 8741
45 17770
913 16558
692 15644
7370 5560
519 8775
10335 13538
4102 13660
14174 7725
17801 12243
16042 12346
4621 6186
12115 8209
12949 13905
10801 11826
5595 11150
5887 6131
1298 5772
17612 115
14029 7420
11334 3662
9283 7895
9948 13659
9571 13636
6635 15529
9547 17335
13697 11630
2886 7550
3917 7966
7778 1869
13590 1369
10036 3573
15326 17201
15833 7898
14624 3311
9732 11196
9944 1237
6927 13085
3680 13918
15978 16617
962 16238
8292 10023
8300 7517
10870 5489
2391 16227
980 16578
7163 5127
7179 13964
2066 5957
5277 15084
8201 10460
7944 15823
4484 9726
4171 11490
17028 14091
9033 14905
11162 2469
12145 7146
2290 3092
5753 15888
281 9251
13647 1039
11849 16745
1723 17514
6888 1615
9178 1440
14084 8454
8267 16561
1757 8878
15952 8858
4266 903
6472 3348
6944 4750
3010 7257
4127 9120
15982 7949
845 3115
13718 12994
3198 15187
17881 14463
1944 8183
8978 7361
9851 4187
15535 14996
6609 4030
4561 7806
8816 14292
7960 8554
62 1216
4971 4646
5198 10003
16418 590
14904 6057
370 3238
7555 8502
8506 822
2418 937
7184 10250
505 6099
2635 16733
12641 10427
9377 12100
14401 2645
16468 21
11954 10772
12191 13466
13388 3641
7417 16878
5763 10179
461 2555
10717 2689
14530 15562
12407 17877
10524 11134
5200 13443
14755 13503
17663 8006
8764 13571
8285 13301
6243 12121
3362 7108
3924 6329
6931 8490
126 8817
15210 1109
6325 13817
12153 7965
6561 194
14821 274
8254 16398
3197 16939
17970 10749
2107 16370
10619 2268
17031 17207
9863 9462
9415 7498
6682 4723
110 7010
8307 9259
15995 11739
14613 16589
15583 11494
671 11668
6050 298
2749 12436
3756 2952
397 17199
15970 5073
9406 7114
14224 4178
5637 10122
13970 16373
2369 10784
12095 17236
5929 12602
4364 14406
7101 1363
4498 499
789 7461
1610 345
5780 3929
9263 5523
16462 1564
16610 16284
14769 8660
10409 5816
11237 7957
8651 1069
5015 6853
8320 14747
3750 5067
1079 12097
7187 6024
648 13906
16067 16510
241 17983
1712 11964
268 8288
17397 147
5417 1155
11482 7421
10551 6418
16959 15471
17047 13326
8503 1693
11009 2725
13916 2365
6381 15997
16126 3961
3079 7240
1825 14099
9601 12637
1340 17790
12886 4664
17068 12713
5045 12139
1405 12118
498 13021
1147 3623
14067 11062
8686 17449
4504 14236
6118 1506
13188 3290
4876 6247
3694 4152
14962 9853
6907 14753
15277 8373
6063 11625
11874 5564
9099 1125
14083 4307
1656 1577
17042 12026
1815 8054
13825 9139
12962 11182
4762 13171
9427 15260
15393 2830
11075 17552
8141 2924
17445 14805
17300 16005
14042 16639
2039 11661
5589 6571
16842 12541
10439 14581
10588 2602
1875 6417
11598 10290
8585 15859
16093 14077
6352 16066
6766 6082
6760 16000
12694 8739
10401 2283
3969 5094
15146 2314
16029 11750
2439 6589
3575 9823
13206 11673
7407 11581
12085 10354
4013 14440
15908 13416
9790 6444
13265 12836
9847 12769
11619 5077
7123 2485
16546 5728
1973 14196
10186 8627
3086 12573
6750 14361
11724 14852
14298 6272
15368 10838
279 1013
15264 9569
3733 3394
835 2955
6487 4967
4759 16136
10312 14710
138 12156
7272 8846
13378 10219
16399 5703
14421 10045
9918 13670
9149 4880
2562 16640
15674 5915
4879 2647
16928 7040
6831 9157
16618 7740
8474 7145
4349 3794
7018 10723
1597 8709
12998 6721
3640 5275
516 1503
1807 9205
11239 16774
13994 4884
4369 14118
17125 11412
3821 15913
7576 5030
8124 4158
11783 448
1586 3635
9989 15894
8346 2046
5902 6205
3232 1999
3554 2839
5572 17144
1873 14743
2863 7993
8438 4421
9815 4452
542 2115
3987 16647
5156 14244
6602 5924
10340 175
9904 1290
13978 13320
13275 16152
4202 17558
15236 10866
9174 11580
7942 7648
17894 7548
16934 5944
12410 14795
12822 6893
13903 8927
1127 4918
133 7643
7994 11476
7748 17954
9230 3387
17794 3145
15168 1913
6422 1496
6378 1670
14899 8080
7164 2129
2443 13222
14427 1076
10487 15512
9943 15304
11438 14140
10832 7827
4399 16241
2434 3874
14839 17334
3932 5860
1716 2276
5947 256
4894 15242
8749 4891
14578 16171
1232 12517
4081 17248
13299 9800
1924 1695
1447 10867
308 10911
1068 3913
1396 637
16822 14927
14472 12980
5892 14765
10019 8900
7636 17435
7869 6100
6011 7337
8770 5554
203 215
7780 10733
4160 13323
15572 3392
6994 3693
9072 3769
16283 13778
11767 17682
7118 724
13327 11344
6480 10292
6950 927
12423 6362
709 10108
13257 8345
1794 7429
8721 13045
3317 7252
15901 178
1214 11354
4899 4623
13064 6910
17006 11779
16016 1183
12964 564
4353 7399
5070 13678
14175 6313
15767 5912
13955 17559
7741 2394
8470 13948
2973 3125
17368 7752
16503 14861
11355 17003
10564 10629
16188 11154
15118 10209
14090 15568
469 11782
8101 6902
4149 2313
16816 17246
9309 13625
13026 17262
15329 17912
13707 16581
17037 908
7116 7819
3544 9589
6280 3072
275 15154
17200 86
8772 8917
3169 7029
13305 17972
13870 15719
8280 4387
5467 15062
15447 9266
15347 16672
16130 15087
8132 8377
16490 6051
13520 8216
15203 4135
6759 16164
1107 13341
6536 17950
4690 4025
7639 1132
1102 17393
10463 12364
16520 5311
3682 1402
13568 2231
746 11570
15993 117
14458 2971
13472 17079
11795 12152
13123 1561
17923 11920
12199 4218
13193 5335
15914 17973
15925 551
2646 6179
2424 4007
9657 5954
2628 1916
1768 17418
982 13936
17153 2014
5180 11652
11940 15721
10192 2133
14243 4998
9696 17795
2214 2006
10972 8649
4292 5217
10731 13238
1176 9348
7890 14013
14609 390
17703 9604
16077 10531
418 7353
3089 5573
14619 4578
9774 546
7700 2421
11320 15547
13646 653
5314 7329
4138 15803
4541 9288
15911 2956
9363 13631
4445 10085
3951 13025
8896 8498
16814 10078
6166 8108
13797 13441
14482 13439
17151 9430
10021 1365
15937 17302
17981 12279
7030 10927
1198 17341
3958 16216
8386 13630
15496 14304
6841 17137
16112 4033
17389 3716
4229 12818
15338 13217
7571 15753
15497 6746
2152 6488
2357 9528
165 11680
17846 8787
7038 5506
3805 11769
17520 1408
11561 11135
7712 310
207 8732
2887 7174
13409 5236
6206 14925
1915 15874
691 10643
12651 16192
17163 5766
8530 16469
13150 10378
17408 16065
11086 75
13355 9905
14217 8405
16681 94
16966 6494
5986 9190
10014 173
11766 496
6183 14920
11419 15935
6344 13793
8935 5018
10663 9126
121 6644
5820 11599
4477 15687
635 5922
15259 2680
14415 772
6569 531
16379 698
5803 8519
9987 197
1428 14232
17626 12931
2071 3222
11546 11442
6267 1448
10658 15895
2109 12928
15872 17414
5185 15258
9514 17960
16872 11486
10871 8114
13412 5472
7681 4053
13552 16746
1451 12638
17378 13280
11081 5709
10194 12482
1209 13087
15749 17590
2827 16475
14451 9030
12908 5664
17888 7771
5520 14003
12605 13679
11994 1221
10846 15102
5488 9981
10844 10227
9724 739
2334 10906
2432 15109
10226 7953
14447 1140
6983 12133
14309 2843
7950 15795
802 2132
17907 14208
16049 16692
5869 7970
11485 12460
8958 837
16881 8513
1025 13898
6623 8116
13337 11333
17403 10726
2764 12308
915 3481
766 17595
13246 3421
4107 1287
12675 8961
6724 9398
4941 16276
15945 5530
8460 7071
213 13166
16080 687
1776 17704
8010 13332
12746 11608
12287 5012
8633 12138
12767 973
13627 3077
8645 1106
12399 8091
4203 12472
14712 16970
7023 15485
13858 6594
4096 14369
2288 7468
212 14762
9048 11626
4742 11253
11897 17012
4440 5265
8450 12518
7375 11093
10873 13486
233 1259
2141 15498
4373 8548
14912 13488
8981 11061
9919 5405
5272 10375
9498 490
2816 7476
11688 4244
4070 508
14875 1530
16838 2571
1412 4989
884 3400
14802 10779
13475 12665
13428 781
17650 17664
17337 1502
11074 13496
15296 15826
12568 1075
9583 13677
10074 3857
16133 12598
12294 10593
13892 9701
10861 17176
6453 15201
1024 12276
15669 7062
14441 2471
2617 14615
7313 16997
2050 2260
11508 4560
1239 3276
2836 5103
16836 1895
2233 8546
9008 11737
11190 3385
1552 10022
3273 7431
6134 1416
12565 3798
13331 14096
6282 1423
13621 13189
2848 11539
4622 6537
5701 17381
16837 13766
11365 11758
1645 13815
5799 2362
3275 11279
13652 52
1118 7456
17730 1726
6693 11567
640 6832
15861 1481
16182 14457
14597 17468
5464 10075
3524 10656
6324 6085
4085 10355
1312 13060
8400 5128
1500 1528
12285 12907
16038 3964
8290 2119
15115 1814
16709 10985
8807 12000
14971 12356
17597 11313
9545 11591
10492 14643
6173 17735
6424 17753
12587 16855
1585 2713
16711 8776
580 12130
9668 11053
12687 17427
811 7074
16228 13796
1849 11614
14235 11943
11536 5228
5743 3142
11729 144
13750 12735
16545 5681
12889 9836
17678 17652
9628 6620
1461 2688
13429 7619
17480 12127
5338 13469
4500 13250
1267 6438
16904 14181
991 10810
5546 5650
5981 5487
663 14461
5233 17090
16103 17879
7967 11675
6717 10730
3245 17519
9338 13033
15602 16155
1691 3137
14911 3282
16317 15379
17386 14103
16315 1073
14637 12438
4220 4914
12154 17578
8595 16850
2918 356
12210 14561
1327 13975
4144 5248
11451 717
3304 9793
13430 994
8477 5833
2185 15544
1258 9822
14339 1202
15151 3068
1588 435
12486 2576
11533 12612
9253 10502
11248 13130
1326 1061
11243 358
13267 8992
9607 2683
17094 1383
12729 808
14069 5122
5873 3779
3440 13962
1460 11185
14672 2373
14881 12031
7247 15609
10138 14202
1509 475
11690 10989
5951 1123
14879 3664
3323 12485
6997 12794
10305 15800
16461 13012
13732 17134
8303 13227
15500 2586
10266 7310
11809 16516
13745 9223
16830 12659
13517 12837
11207 14800
810 15866
12087 10029
4425 7570
10142 14724
2815 5386
16331 11989
4649 11411
17872 7477
8104 17395
7985 6493
8934 1820
13391 11967
13276 17838
16394 12533
11170 10137
12596 7533
9497 2154
4638 6816
15985 474
12938 8136
17413 3191
16180 17996
2238 13555
2085 4902
8014 17499
10405 139
16056 5636
4190 6374
393 16337
8665 2035
12431 6743
4781 3466
11048 7608
12277 14247
332 8165
15904 5349
14211 11102
4589 1626
15040 17791
5699 6792
4233 4333
6110 14324
15401 9016
6200 5644
3937 1080
1902 16511
11965 300
16636 15844
1433 10080
10455 14322
14011 4479
11751 14379
6667 8214
2124 10904
13053 10125
1044 7028
12012 1602
503 5055
8148 12193
2573 3674
1431 8890
13764 13158
14403 14699
5866 4782
5604 13183
12681 5104
15144 14080
6004 15383
3471 9442
2543 16623
3131 3525
11281 12386
10076 11322
2349 9803
1772 10963
16792 5687
1096 17827
787 14700
17166 11436
6237 10868
16807 7696
1203 7737
967 3995
16467 11314
6332 14918
14486 4966
15943 13721
6195 6998
7004 5711
6553 11072
9747 7365
15166 2678
3556 9472
14365 13340
2789 6524
2704 15171
15594 7887
2031 17959
9324 16236
9553 16627
5137 2474
11271 5360
10544 9992
1764 9883
6595 297
1196 4284
6397 2921
8619 6192
4535 8892
2519 10768
7809 17001
5639 13567
8358 7989
5494 360
764 3205
17866 8069
15006 1604
16193 3626
11042 5134
17453 17272
2849 7931
16638 631
12336 17193
16757 804
10697 9832
15032 14555
3809 13546
5011 17456
14426 4554
10030 4718
12906 14576
15308 7166
17535 12902
3984 1833
5141 11647
11024 7449
17113 2721
2988 13539
10182 2777
17889 11674
11919 4361
16201 6449
7906 7834
4519 5410
7999 1996
6061 2413
14358 12333
14359 9947
15072 8220
16438 11589
17463 15606
16931 2079
15829 17945
13423 645
3067 3151
2908 8270
3812 2175
7899 15558
5119 4159
16977 7369
12577 10488
5553 5282
9170 2502
12338 8833
1368 13095
9765 6390
17672 2144
14220 16784
2460 3219
12560 2634
1249 6564
9614 15941
7880 10407
17374 10767
705 17610
13765 15122
4729 14937
8075 17162
5029 4672
17717 2834
10200 394
11776 5961
5578 2681
15233 6124
6039 2496
728 11896
10367 7115
970 4470
4095 14407
12306 10770
9789 15759
5848 9239
14768 7954
12231 7552
9982 10543
4569 4521
9300 14605
4476 1932
15523 2429
3767 701
2757 10786
3860 6784
6209 6207
10587 4374
3159 11563
1136 14212
16157 3164
2344 16609
12289 17600
1071 13533
7091 7442
8594 2945
1347 2620
2 16483
6890 1058
13604 844
2068 14193
8149 989
150 7940
8797 16470
4508 1432
6353 8375
10691 12300
9670 9396
8562 4895
2303 17947
2888 10571
15947 1920
2616 2957
17635 14506
3877 9875
12393 11971
4558 8458
13507 4246
8033 793
15125 5
5207 14806
13889 2590
15596 13277
1177 8999
16290 3659
16622 73
14289 12173
14430 7401
4822 9688
9454 10123
9893 7615
13810 1084
4976 4061
12579 12274
5179 304
9345 14663
1240 10189
12299 16782
8693 15682
15582 5802
3593 17304
530 5151
17660 6045
11836 12053
7795 1354
4165 2934
12198 8341
9285 12574
5177 1993
10675 8273
13747 6473
15617 6143
10133 5570
17754 15434
3039 17978
9076 8779
2368 12580
3889 12802
9257 14470
5393 1092
4170 2070
16739 13170
11168 14489
8294 8705
7628 6162
5738 14677
199 11717
14817 8980
12329 14065
17562 15051
4751 12958
9834 13362
7083 15058
14460 7336
16799 17585
16013 6692
9648 6508
8120 17117
11822 15469
3185 7359
1162 7209
6722 16393
12322 9879
17951 176
182 9635
6373 7273
7865 1843
1890 4807
16537 15782
8761 13777
11642 8426
8179 3684
7332 3604
1320 17766
8907 3558
11706 7103
17906 16766
16602 13536
6351 15845
7288 15768
3162 8670
13634 12961
15775 5965
15590 10948
8799 16687
13632 8064
7624 17806
8343 9543
17004 13844
10283 17247
3820 16542
13303 234
9895 1629
8526 14666
10476 1192
17657 13908
16316 13859
12959 11807
3370 16134
8043 14671
15406 9483
2454 11228
16025 4743
17455 2722
15357 13876
10278 15445
4332 10013
16374 13724
5041 2515
1446 10232
5883 6929
14695 13456
16582 1931
7404 17640
4962 3652
4952 9753
12113 9818
17619 7360
11709 4018
11206 13117
10931 4309
14167 2237
15919 4564
16831 264
556 11267
5994 7715
9167 6735
4258 12646
13802 5107
2574 11427
14646 17099
2709 2818
10216 13845
4257 3768
12392 2099
58 4130
17995 1041
15021 3731
1631 8058
9817 12160
14997 15950
15415 4114
17905 10956
4547 2527
8455 3865
5101 13139
1679 602
9204 10830
2183 16626
6821 12739
9426 9775
15439 16749
1279 2020
9638 2670
12359 4713
13345 12213
8365 14551
5124 3268
11762 16061
14294 10999
12314 4021
4336 10686
5864 555
1816 14485
1747 16368
11745 7974
13410 9745
1974 6604
6357 4825
14296 6840
294 5896
2794 12135
8899 6430
1990 7012
5765 10191
10875 10900
12427 11262
3515 10775
17178 11658
3256 14233
6591 1070
12339 13873
13712 2282
10622 10899
16651 6190
8669 11164
5453 3082
16951 15120
2869 4999
3536 12430
11917 11426
2819 15770
12005 5931
2078 5534
11103 3560
14858 4684
14994 4668
1165 368
2025 7534
11852 14129
10951 3761
3758 4469
14745 14781
4163 14049
4093 14702
1759 7860
1635 2594
3388 3796
5568 9299
17192 15488
11223 5160
3521 4401
16224 1514
15811 17150
3322 9153
5312 13973
2173 6253
10685 255
12686 11726
9298 6957
16245 15375
4710 6674
12978 8099
7003 9560
9054 8074
2296 4251
7904 2167
9957 4034
11058 15588
10713 6921
13044 11627
10802 6765
13919 10817
12511 17048
5819 1717
16595 8200
3109 2990
9074 15988
17101 15601
183 10930
5985 10690
16149 4889
14418 15951
8971 2804
1376 5186
11883 4754
15748 16044
5547 17510
6212 2228
3190 15973
10066 7761
15653 5757
4675 14831
1854 17233
7025 2191
15121 1648
7441 6563
7701 5879
12750 2920
15553 2560
11098 11713
16656 11277
10309 5352
14087 3636
3689 965
2355 1952
11803 7544
15810 9093
10363 14569
7592 11851
6451 888
7840 4974
11909 13669
4300 2168
12094 15645
876 13390
12184 14142
3749 4439
10780 16391
9550 14987
12813 4805
8312 5002
5004 11350
17489 15905
6975 4545
2599 15613
15462 1414
8295 11986
17142 1827
10139 11101
10403 7217
9202 4757
16646 8115
6804 14135
6932 15604
14764 3226
9320 4827
6966 4270
12086 11602
1006 10610
5471 616
10518 5934
16163 14183
11604 2507
3479 6224
10483 1532
8225 11837
5970 11340
12965 17351
11491 10251
15374 14515
13468 5708
5490 3994
5087 2042
8666 7050
10379 1236
4414 3310
3818 6501
10406 4319
3783 993
5991 15078
3249 13132
10827 6685
8912 14973
905 2604
10037 5384
17572 796
10720 15585
10199 4334
6574 8725
13370 7520
1032 4269
14669 2531
7481 3475
9435 6137
17083 5548
2538 5372
14863 16445
661 3588
5885 11088
10592 16648
6664 3832
11116 17066
2662 5861
6387 16888
4923 437
3568 14269
13220 13560
17119 17787
2732 8494
8355 12945
15249 5990
4441 1672
2405 1553
14121 15341
5428 14357
7768 11825
4026 8151
1413 15156
3434 3692
1082 8049
13940 5511
15534 14484
11178 130
4410 11286
9117 17390
8707 5608
3038 13407
14037 12426
3045 9871
5102 17155
11941 13756
8479 9128
17091 7398
11273 5308
659 14574
13887 17818
9473 9403
14505 9525
10474 8368
13079 1829
9805 8449
17473 3933
14720 11477
8284 6731
16268 6456
15472 2942
3839 13591
3236 10047
9685 15933
382 10338
6905 17738
16772 2431
3047 3248
1174 8162
13088 8974
2423 1522
15461 3043
1253 9284
11885 16420
14495 8462
2151 17642
11697 12045
190 12003
2668 1951
569 2199
12418 10758
7926 5363
541 16930
16550 5621
12731 7607
12858 11879
12657 15890
7426 14554
12987 10168
6534 16222
15077 6303
2258 856
10706 17187
8939 8853
9633 851
12246 16614
9063 17933
9487 16776
7507 5537
13316 3203
3130 12548
1622 13368
7666 7918
14591 13603
3443 10511
11797 6532
1315 2453
16813 10636
12495 10144
487 2337
3843 4212
13436 17005
15429 3500
9816 6304
14487 12744
6290 11503
11801 2556
6091 7193
4526 3126
17338 3262
3377 4460
4217 5091
9013 14133
604 10371
4774 9368
17454 14885
3800 9159
2298 17692
5431 10683
2134 9898
9672 9694
5526 10342
13614 13054
8635 7527
2090 14676
17763 4756
50 7176
6608 3318
15576 6711
14439 3724
2350 7486
6340 8085
4192 7111
7032 14462
13624 10747
2518 13357
12467 6323
10059 7693
13993 9590
17963 984
960 11910
2263 13780
9585 8549
12464 16819
7088 14626
5999 8652
12954 5695
16030 13160
16396 5823
7749 6240
15454 1529
13827 15840
17128 2145
17479 12803
17240 4957
9409 10793
12350 7165
9479 5898
7016 11481
8231 10331
1739 9552
3367 12509
3454 4697
4281 3296
4809 10444
1906 10195
8706 13644
13654 16400
17856 2120
4731 6420
7314 15570
168 3633
1390 428
13922 7897
8315 5106
2091 3278
12312 9217
917 14894
8119 10193
11211 10236
10241 12016
6681 7430
10746 13917
5828 12867
2340 14435
13072 5579
1463 11016
3156 8096
17673 7448
4704 3530
4499 9667
7506 4056
11643 12244
4004 11612
1892 16590
273 5588
11361 5634
8656 8019
6301 633
9068 15664
11592 3966
14245 814
15704 15325
2823 4087
10901 15278
374 11148
16974 8418
10151 1362
4239 15395
4417 4653
17726 16471
5647 17718
13247 12719
8590 9748
11574 3028
4000 10660
3033 17096
9709 10233
955 4123
5653 9085
13685 10416
9699 11203
17112 7327
9073 341
7644 4532
8573 13213
12203 1809
13584 10224
15543 6538
13703 1053
17401 1367
832 17891
16926 11276
8838 2592
16154 4982
5033 17518
4588 5086
4280 9336
12278 13115
17283 4274
12234 12861
5855 2009
15241 5813
14260 10986
7580 12986
7249 6662
12915 910
12110 9880
2795 6796
3587 8837
7339 6176
202 1126
6533 13869
4115 15750
15751 13909
9579 8243
3265 2652
17278 1864
10823 7058
8428 17409
16244 6117
7792 7850
15646 8563
11544 15884
6513 3136
17687 9009
17185 8908
9218 857
15432 7982
16403 6795
15774 5899
9468 11859
11733 15387
8976 5824
5509 11603
12873 906
17092 2088
14593 17118
9722 17086
3825 14446
5805 17055
9513 4677
5370 8620
1642 7422
6333 8647
11057 12504
6725 1157
8374 544
4520 11386
16707 723
9330 11722
10114 15457
15116 15
6858 9185
4920 16887
278 2218
4808 13313
3601 5761
12183 3298
813 3177
240 5938
11366 11303
14701 2305
2607 2360
16941 4634
16921 14727
15170 17051
17106 558
14565 3120
2953 8322
8161 12993
2774 12078
17060 15499
14708 143
15974 4327
4431 10451
1422 1544
5271 17268
1911 17892
8371 11032
1186 14566
5303 1818
12784 11263
13698 2339
2901 5206
5980 8094
15008 1819
3031 14210
6673 7541
17486 285
9808 11583
14066 7138
14813 11339
14306 11684
1257 15614
7434 3138
6483 10011
13485 7710
10067 4341
15276 1064
748 12066
375 16756
7235 9421
3186 15285
15047 16496
2498 901
17239 16801
5936 13530
12176 1753
9056 15026
14394 14075
242 17254
10447 8008
1179 9171
690 4409
5741 12773
10804 17584
7373 887
8237 10484
7877 7035
15275 14337
14303 16247
12669 11329
1569 11555
7720 2036
567 1329
5035 2582
11146 4994
611 17865
10754 15843
5577 11935
9972 2931
14279 11983
4503 6886
15506 14444
13985 16221
10062 6411
11284 17702
4905 1491
13184 3009
6220 8699
1508 9162
6164 2769
1057 14778
9729 3879
612 14159
3713 9250
1148 3284
10540 7998
2108 8540
3301 5829
5814 3267
10402 17716
17764 5966
6900 8302
7584 9519
6758 2399
3224 468
2240 6914
3261 1033
7473 10017
13840 15216
15612 3405
6270 3139
14627 15573
9492 535
6705 11060
4787 7798
9200 17525
3094 8840
14100 939
17729 17574
8746 11667
8259 16677
6745 2367
5436 106
15141 1375
14652 14890
8704 12238
500 3570
8616 11165
7485 16463
3459 13296
3948 7783
9461 2912
14399 14799
13090 10501
16210 7186
15557 3255
7489 2095
9441 14061
7270 9860
4240 15298
16218 8819
12775 1094
8012 10649
2358 14517
13494 16135
6584 1188
4608 658
8629 12647
7354 12439
12332 5369
10923 8279
8911 14868
6679 15938
5051 17340
12860 2411
6216 9078
14573 336
6171 11529
16874 12569
2826 9938
9746 13819
14794 2021
1792 13476
363 7087
17805 5169
3154 16922
9040 14152
1052 17152
13684 14740
6512 11341
17561 6047
6684 6631
4355 6413
10498 16563
7344 3046
8251 3977
7376 10301
3462 2640
6361 5956
5168 3493
12428 16183
13221 13363
12991 7641
8512 7916
4789 6233
3549 10006
11209 13944
14966 7510
2914 6894
6287 12481
4306 14373
3949 17062
17587 15528
961 3616
2936 10777
17611 13068
7776 11335
12808 8628
8991 14873
5962 5252
15433 14450
10088 8676
13334 10332
6442 16865
598 7933
17655 15863
2299 16296
1464 5117
5239 12372
12267 271
1003 6915
1395 5152
10835 2450
8122 16460
10000 7043
15262 14071
9842 13733
10573 11543
16896 7064
7844 5517
16335 14070
8593 3188
6153 5171
4495 13831
15031 9735
7997 7519
9835 7879
5329 6677
10680 16435
1737 1439
15400 16355
17376 10313
17900 8685
17501 9717
6558 5555
4909 613
11073 7393
7334 11474
16635 15532
9563 9827
2382 4701
12707 17309
8232 10796
16883 9069
4247 5364
12072 4400
17757 2833
13261 15623
10702 6187
8287 5605
5215 17596
7746 13005
6372 9131
16993 1381
950 2600
16288 1026
17111 15511
6543 4887
12049 1953
7326 7316
5146 15783
4993 16920
17000 13547
5135 16886
10562 10252
8060 14034
9232 17183
11660 5492
2280 2056
10438 476
14089 15741
8596 15016
5138 3841
1750 3087
11090 2736
5424 3359
5498 12583
16206 5090
2761 15448
16328 4679
2917 3414
15152 4118
3361 11723
11872 6863
14178 3090
9262 6697
2740 10239
2899 15463
2197 8564
3223 17460
5250 5783
3904 8650
17987 13731
12698 7382
9380 10056
10666 8002
12857 15124
17080 409
17512 12362
9799 14844
12024 4386
6790 3868
5328 16407
5132 7159
5174 2227
3492 10605
8401 3307
14481 17123
12845 2408
11441 1301
14397 9488
17230 17909
6802 12082
9109 11985
8891 1839
5147 17109
7201 10582
5131 3250
5256 14917
15449 7066
6622 14400
17406 1567
6388 9308
9985 16382
5791 1927
15976 13330
7275 16076
1860 16287
13740 9530
5514 5894
4200 16769
10704 16592
13119 5740
2386 1639
11638 16308
267 12788
10742 17043
12088 17266
15176 10516
8466 1429
15273 9681
12051 17052
4671 16942
11332 12636
8773 14239
13262 17747
16008 3946
3384 1775
389 15479
15127 3056
8735 4924
1407 13497
684 6670
8842 8708
12786 17271
6847 6042
17308 6505
5840 7031
8515 9769
15211 16515
3816 11125
3941 11137
11158 15597
5943 15310
4031 1427
7059 14215
3294 12068
1961 865
8963 6797
15918 2724
17931 13380
3235 7921
10805 7042
6871 17315
3343 6399
8528 2257
11644 8436
7147 10843
3419 3632
8736 3916
9792 17009
10574 6433
13934 12052
2752 1568
14134 13769
4422 5689
9129 14302
4791 12691
3510 153
17483 395
10855 7673
14679 7295
16215 16348
5020 812
15086 2076
1625 131
8659 7603
17244 7465
2705 16233
3996 5635
11552 9
12644 13846
6145 4997
862 17296
4366 521
16307 14293
9231 15692
12195 10385
10054 10100
549 17748
3688 12196
15274 12275
9356 6906
7684 5760
8679 9420
15283 17744
16096 7067
12942 2038
13695 2831
8468 11127
10240 8897
17731 4728
4510 7175
6019 1449
1938 7622
17911 14203
9936 14161
13544 7736
2545 8859
771 12805
10650 5054
949 1783
12700 777
13106 17284
8041 15302
17188 11926
2700 8802
13315 5574
5891 16925
17347 13389
12642 11520
11742 16665
7319 4491
6707 6009
2974 3978
4121 8246
17353 2464
5339 17962
8740 4867
2783 10556
14273 9568
1002 12532
2873 8989
13455 14582
16303 10651
15608 10369
3496 7656
11862 10110
11635 11144
16693 15816
16713 12040
1010 7540
15794 2274
4978 7283
11030 3409
6715 10981
5226 9923
5818 7129
12846 5263
11085 9386
5473 16069
17815 712
17173 17899
2341 8682
4065 8820
12020 7219
4678 11901
11104 2329
7730 17792
4537 16994
17522 3873
6946 5654
5584 12352
10809 11629
15821 4483
10025 17813
4592 4838
5669 10755
4348 10937
7524 7596
609 2235
8734 5259
3828 5782
2292 8861
5773 896
10803 3747
3076 11437
10341 4666
7189 384
4110 11198
3519 9410
9841 5430
1703 14889
9971 15214
5996 11545
4596 2114
1277 7377
7842 12967
4073 15067
17196 6252
236 4497
5507 12445
1683 1314
13030 3416
10329 1498
4337 15079
141 5692
2044 6371
184 11865
6396 639
3333 318
5739 7106
17570 10797
2509 4644
778 8544
10442 5733
852 13991
5993 11117
1725 16631
17421 16933
10952 854
13133 14166
2898 13034
3921 11244
10296 3018
7847 7076
7689 12069
10390 5475
16146 10057
8885 5008
12310 14204
3970 15655
5403 11804
6996 2977
1309 9413
12589 10994
17539 2200
7078 17156
4812 3050
8191 9600
12360 650
17441 953
9777 6060
3489 1049
9152 12817
2491 13307
11568 4040
8710 5935
71 2354
7406 10318
15015 14156
2096 312
17216 1380
14255 17756
17809 1269
15876 13482
5099 3928
10365 6121
17988 3763
17208 16696
15315 1454
6208 9868
17694 4591
6709 317
12417 13203
5863 7180
5159 8145
6318 11504
4576 7655
8339 2517
8964 12116
17465 6065
11687 10466
15814 10434
7063 7256
4900 17250
10154 6828
7657 1105
3117 9480
5893 10673
14585 1063
17775 5257
10327 3467
5611 2951
8248 11418
547 12974
6843 5718
8332 4010
682 15316
17314 825
7229 14360
2011 8324
11610 8936
15917 3735
17711 1453
10864 3622
92 7593
16644 15246
4343 3876
831 17115
7521 8895
16232 7781
10359 18
8577 12868
17773 5065
17589 8691
7716 1882
2016 13743
14761 3287
9521 17110
9164 3511
8480 8561
6597 6245
3947 7221
2621 17929
14684 8274
12884 6470
8569 8535
15667 8464
13243 14686
10734 7565
3851 11794
2476 3907
12076 4019
14173 9708
14300 11138
9342 17780
8469 12709
14464 1946
1119 164
5478 3302
4990 13615
204 6036
6127 3870
13353 714
14333 17223
13833 13107
12241 15521
1305 1067
1536 4016
17751 17029
1591 1122
9924 8159
17841 1379
3354 14225
642 1688
2118 12705
4318 180
9801 14782
9830 15014
17333 1358
9141 11140
5543 15022
9499 16911
2094 13108
1200 12302
16871 12174
15110 622
6872 3121
1628 8063
15085 14587
4615 10888
10995 2074
10940 2062
6210 4836
13386 16805
501 6309
16777 13157
12748 7418
3366 7805
12469 14815
8545 314
9142 15979
7338 9783
13854 6168
6347 9934
17797 7633
5602 3415
98 9639
5778 15779
12158 17869
16318 9903
15245 11945
4720 839
15303 649
17485 12180
14766 17446
6938 9136
16169 2392
13215 8309
158 8750
10655 9364
2321 11011
1662 16597
6299 13131
1137 15328
13404 10818
7723 3847
8093 4572
16985 15384
4301 11259
15756 6531
17922 5968
152 154
1736 6041
11946 9599
11287 15510
3184 14625
16380 17443
10646 10580
8389 3646
9897 6062
9953 14662
14052 9071
5112 1382
16519 8412
10368 11471
628 405
3595 14123
15536 7642
16742 3607
7432 725
14282 4802
8245 13671
12389 3342
17594 5166
5189 14513
12561 13335
7888 8539
14287 12878
17184 7711
13823 15797
16105 954
17777 13828
6606 2612
1983 13528
11157 11686
9491 13043
396 8550
8221 6115
3175 8724
11922 12331
15830 12077
9278 11998
10912 5925
15980 7597
17069 10957
9755 15736
4866 12402
8423 683
8349 15175
7276 8181
5074 13314
8587 12449
16208 2162
10376 11695
13890 6696
8354 4453
4486 5261
16497 2479
15923 16697
9404 3237
9144 2255
12062 3501
12032 3338
11021 6965
4964 12503
12383 6130
2048 3557
9870 4987
17848 16559
15675 6079
15663 14900
2338 7412
6158 1213
7972 16833
4002 9037
1793 148
3173 14729
15996 15860
14039 13141
5593 4362
15912 5305
10788 13065
511 11128
520 16908
1868 400
4939 3011
17466 8843
8731 15745
15327 7925
3106 3178
6454 12699
6729 4177
10282 467
2165 1782
2994 12260
9623 7381
14214 1705
13376 14820
8646 1001
5399 5735
16958 16434
14738 14041
14026 2854
4648 13971
13664 17580
13349 7503
39 13401
5058 11800
8121 136
10448 8730
17149 689
15842 13145
15361 3221
573 3179
15634 975
14186 6953
15556 11413
9714 6337
2775 9150
6627 85
8035 1497
3891 9289
7340 16139
5249 11232
5613 7891
12319 11913
12380 11929
361 6755
11147 12524
4574 14062
8252 8551
14138 13274
14370 5742
14522 16754
9969 12222
4232 9428
13826 8301
12303 10741
15478 17942
5662 7665
13379 15852
12893 5178
3967 1542
9572 15514
6239 10798
34 13597
4322 8565
44 3288
1144 5842
9252 6782
9412 17977
8177 987
8040 8178
8118 16572
307 3147
1066 17474
13663 357
15279 7717
6647 12649
11065 17534
9066 7140
1876 9546
2047 4342
12291 8945
6235 16252
13687 16207
9411 2537
12926 3829
1515 9269
3580 15924
17708 8317
350 3657
12778 17270
10890 12842
4313 17985
4946 12854
5626 15697
4800 4647
6059 4600
11181 16003
7627 2711
10362 11633
10310 1377
16499 13926
1595 12521
14608 15731
11383 1616
8213 1361
3213 15971
7047 4886
11799 5973
8536 10727
12607 5444
8828 5941
4806 15219
7291 9951
14594 4245
7686 1398
924 11217
10256 864
2982 586
13648 9795
10560 9429
16257 6150
4764 3710
5121 15011
4788 11097
8984 9004
2943 3395
163 13885
7683 13537
11748 1168
11189 5706
6642 15637
13924 9305
797 12923
9704 7871
1285 15107
10140 11764
15140 10089
10945 4910
12882 11115
12416 16187
11326 8146
8032 17854
6661 13467
10349 1788
11467 11771
1796 7073
9353 2206
16122 7259
9302 15248
3460 1149
4926 15897
7490 16256
4584 16659
8674 15772
5998 4275
16184 414
17411 8062
17452 17318
4256 3849
4629 1081
4732 17509
12812 10787
16132 16949
6830 13824
3569 5725
3058 11889
8020 2478
3822 2161
17935 2589
14967 3374
4338 9041
5787 8857
2870 5795
14449 12355
1207 13214
15787 4403
11898 16439
13566 16573
6468 3576
2312 7956
14970 3838
1124 17311
12717 5658
16474 10583
478 4252
8164 11790
1929 10877
12054 7183
6163 5693
15423 3744
3135 518
11875 4683
3080 1129
2142 11324
16083 12660
700 7707
2499 756
14648 4645
9759 9322
5007 7582
4219 11815
13137 6829
11975 10398
8798 13865
14660 7440
3695 10990
16698 8825
1191 11900
15164 6814
3594 8591
3846 3396
4885 2790
13589 15300
8199 4831
8189 5068
3189 4173
15503 5630
13228 15333
5536 11893
12730 15331
7785 13440
6392 4878
12563 3665
12981 4929
15834 11432
14453 17222
10065 7867
10509 14600
8962 15922
4 13236
2482 7794
7402 15232
14402 4051
4517 1690
1159 14014
5433 14550
7264 11131
7551 7137
15959 17027
3209 15215
14659 13055
9116 5192
2327 5353
17874 9081
522 10159
7742 4427
15083 15701
5052 10314
1777 13691
16352 14284
17845 4290
5619 11017
7416 2744
6901 6174
6593 12835
12035 13757
624 14437
399 11611
6596 17920
10180 14520
11106 7409
13534 40
3629 9125
8751 17121
11560 578
5614 10711
9828 17621
17689 12706
17276 2027
17782 5851
1166 15665
16628 14168
8507 6949
17752 17927
15700 15486
7499 16327
16477 9172
14424 14691
10938 9577
3893 2506
6302 5300
6119 10255
14614 15548
16943 17164
1790 6031
10414 1665
9220 16150
15819 14739
16817 10234
14226 656
12810 16075
2376 9111
8026 13198
16905 9135
7971 16332
577 10645
13414 9168
6126 6789
721 2661
5830 17551
1718 8611
17789 3578
7679 5038
6924 8680
8673 10143
4686 8533
11949 10481
1392 2770
12011 869
15873 81
619 3628
5435 16703
14045 5323
9950 6355
9501 1879
14431 11499
17781 7405
13082 3134
8543 7225
9331 12502
5448 16584
14004 2359
898 11818
10800 11953
15098 10285
4689 13029
15352 10068
1862 9287
2644 4447
1160 171
5939 6868
17416 6260
3529 566
11317 15806
2295 1189
4955 9522
7208 12092
7263 5438
13637 6185
454 9235
9743 7575
17662 1671
17448 7469
17706 7930
186 9407
12816 10979
13574 14641
15743 12166
1600 7060
16738 12111
14698 6529
4086 9618
7250 14492
16365 5946
7279 8112
6152 46
12245 8465
5460 11927
7915 3700
14711 88
10091 11509
12553 11307
8128 2294
11557 5932
4693 10599
8525 8744
3754 680
9389 3473
1156 1970
16242 11948
16364 9655
9286 8168
13748 8262
15516 15207
7311 6017
10949 2692
6384 11623
14595 276
7987 7938
11433 10508
5978 7660
1330 9838
5682 14097
8728 15942
4381 4868
7048 13445
8612 1523
7237 16289
1410 2624
2064 15442
5808 14865
15324 11894
13605 17
1254 2665
15691 6688
11923 7826
8954 14972
13700 1417
10687 6570
13127 1760
3886 8240
16115 2588
4224 5657
9369 16594
11814 4084
11524 17964
17375 15896
5768 14678
1535 4585
6196 5302
14154 192
7843 13212
8836 1476
7691 12946
7614 1960
14737 13705
17050 2330
1017 3456
6293 15267
3955 10553
15880 9181
11112 8025
7588 2825
17036 12404
16240 17423
13356 14938
2984 3518
8011 7080
13674 759
10575 3973
15846 4268
9788 3789
6516 17124
1173 15145
14272 3730
10585 15301
8433 17317
9478 15112
13893 11343
31 17500
12132 983
933 15847
654 2147
11651 2598
6203 740
14356 2840
10841 3702
14638 11712
945 11107
10822 16988
11291 3586
10677 1617
15034 15179
15404 16426
493 16148
3272 14647
16203 7969
10659 17904
6801 9886
3992 572
14350 15916
9000 6990
9193 15227
11372 7343
7309 348
6503 4784
17108 2566
13103 13374
1954 15153
7315 9617
3634 15815
10679 1982
16952 3547
11002 4850
8953 2121
6356 5691
13406 1612
17360 5142
6458 16781
14645 1704
2433 11397
16565 4316
12862 17686
3269 16059
16621 2190
2896 5788
9831 944
7084 9682
589 5422
17661 9191
8648 8663
16091 13285
11854 17719
13182 11683
9133 1941
14510 10715
5774 3
4669 421
2593 15965
12634 17601
15765 16532
5624 6963
1391 7802
9734 6855
1250 483
1172 16432
963 4580
2383 4975
12979 14552
11495 11027
14783 7333
12157 4864
10247 6276
13689 8763
11518 16381
17148 13165
14330 491
6616 3211
17326 8113
283 5549
4238 16230
13842 666
10831 10570
2995 5351
6577 1546
951 6246
295 2927
13616 7231
4347 1613
17842 10082
2880 13851
16879 4771
3676 9088
13673 12990
12916 7531
15148 7014
16885 1205
15720 13210
13050 17488
8126 1088
13402 952
10740 9680
2023 7415
1334 8222
15635 14258
13249 10929
4745 7452
13548 17636
15561 7161
17549 10849
2879 9312
15103 2619
4873 9022
15773 4083
8534 9357
1260 3502
6204 681
10891 14398
6777 7884
3840 13291
2458 7450
9270 4223
3741 7640
6054 11950
9636 5350
6002 15807
9397 14270
15388 12968
16524 12050
17734 1130
17739 5304
757 4075
10568 16603
7559 3514
13976 12164
13329 13048
17104 17785
14471 986
438 803
9098 3858
10477 11456
7841 6698
8106 11342
8893 14548
17543 16682
7688 5732
17274 13783
15468 12001
17041 15722
10020 13995
7487 9771
5832 15519
79 17258
15397 3122
13655 419
17387 12849
3488 155
16199 11169
4113 9544
9425 1117
13808 12093
13241 3225
17361 8185
5167 1981
15173 13798
16867 1596
7188 13880
3464 1283
1998 1374
17577 7990
11693 11460
15007 7824
12283 9070
15356 9183
14631 9627
17784 17132
14346 17679
7705 7682
13693 10529
14006 13897
5822 5407
1821 1658
7935 17659
5504 2461
7094 6003
4146 1740
6989 1466
12105 17093
11760 608
16081 5950
8915 378
4388 8087
9276 4490
10812 11877
4958 11781
2401 3037
2800 13460
13255 12142
17202 6193
15027 2979
6862 17859
9385 3939
13581 10541
323 1578
15587 11609
15123 3648
12924 10430
13252 5771
6089 16780
17014 5157
3520 10109
17457 2385
11175 8614
5862 3944
3344 1246
848 992
9791 6275
13569 15266
7669 17843
12616 11752
16791 11738
10155 13886
9100 11572
5672 16818
10617 10514
6499 5366
1151 17788
7297 17608
2748 4643
2933 1056
6678 7210
11082 8497
956 15160
6350 8889
12288 3590
5209 1341
63 2641
11171 15474
662 12101
15180 12235
9942 17290
6780 5796
17010 13877
2390 4846
14803 15607
12988 818
2002 2864
17850 3398
16100 11517
6066 3328
1194 11881
10306 2412
6407 4938
4091 12211
6038 11204
8481 11624
11754 16087
9061 6857
6198 327
12919 2999
13626 3988
6385 13812
16680 9772
17602 1765
9757 3802
16447 280
3208 16386
11315 10178
10497 15839
6007 2430
1411 7863
13738 15293
16196 7447
5877 17528
8541 243
3678 10539
7726 2333
372 9095
13864 14221
17348 1164
16043 127
15574 780
7021 11868
12435 11000
5670 15010
5048 4259
3229 1161
7855 12618
889 15527
11227 8440
3864 5202
17054 4413
12114 14723
5118 13930
6675 6412
5205 8073
3866 322
1967 10134
15676 5044
16480 6184
13373 11152
15101 13444
1547 1885
7200 3369
6416 15761
15944 17924
9151 5462
8192 8822
6665 7992
3997 2938
16262 4845
11848 7718
12632 11004
4549 12777
1692 17316
5508 8485
15620 16454
5642 2398
2061 14948
10567 14286
2335 9742
3906 8333
3935 15226
118 16730
5598 3910
7483 13956
10974 7182
1870 12966
3453 3449
13438 6370
5398 12804
10550 8155
14963 17330
15111 2932
1838 3041
11464 1887
16690 12484
11777 1356
12252 9596
76 13244
11105 7923
3998 6566
7305 15223
3671 11136
13394 5188
4843 8793
1293 6691
9307 2395
3218 16277
6568 8588
16538 9719
13776 10968
7496 13493
6883 6799
6710 16500
2925 4725
12161 12070
1029 5165
15252 10674
13524 1587
2561 14301
9477 12136
8086 16095
10609 11479
11387 12792
3925 8133
3163 11924
9460 10113
9373 11298
12653 5916
14410 3776
5909 4235
11006 5949
916 14157
14848 13264
13271 16211
2567 6055
12534 8472
5629 6345
9219 4389
9290 834
5036 398
8542 10135
5632 6969
1537 15788
16340 17910
2125 3020
11731 11613
17365 15629
8188 6107
12432 315
17076 8439
13618 5098
7973 6958
13966 16329
15061 601
1766 2245
13100 9917
14785 16384
958 5908
4454 4468
377 13532
16980 9673
4834 5979
801 7484
629 7097
12490 1686
15209 1178
4100 12004
838 3347
15994 5557
15487 14705
1450 13405
17994 17165
16737 1005
8150 10808
5264 4654
6251 8597
10626 15632
6250 1937
7148 17058
15380 13361
9995 12626
8027 17307
10572 13098
10204 14261
996 5668
5633 10785
14414 12270
7549 6180
17057 14295
12458 855
14909 14057
41 7791
1387 10557
11126 12852
3882 12487
14864 7754
4462 424
7558 10506
16686 4444
2343 10010
2778 7199
4182 13814
16809 10851
7374 14878
1700 15199
3619 4428
10169 2895
12055 14580
14758 14630
14980 3303
7857 13397
269 17796
1826 4267
15931 1823
7617 1333
9619 6431
13287 16995
232 6028
8330 11007
12855 13853
5362 8919
338 13073
4823 6428
10457 17976
2625 15591
2447 16440
5175 17968
6925 1841
17908 17934
14623 7034
1883 16955
15172 10207
14696 14329
1786 67
13190 5394
10992 5063
10902 13561
9584 10528
9175 7948
17476 14616
15465 8483
1928 9606
16716 16036
4464 15194
13204 14603
4700 1962
7134 2810
14855 621
14632 11753
6824 4527
9804 11396
10774 12103
334 2446
5858 6633
6585 6014
16919 1501
4882 17002
7367 16956
14827 8327
3201 3993
10084 11715
6614 3167
6284 134
8265 10263
16704 9475
5872 17459
13448 4079
6427 16574
12727 15915
7613 8948
9896 10293
14898 11972
8952 4042
8830 14572
10863 3954
3230 12208
2346 16293
10825 1842
10291 4983
5736 15694
7601 12673
15545 17471
15932 6849
8884 12290
9899 11063
7964 1539
11446 1418
9610 1980
2311 5341
15960 15809
12395 981
15605 12821
7764 8154
8435 12575
15377 11905
7836 9021
11245 6908
841 16504
16536 15371
17129 7774
829 722
1351 3148
9449 8053
2784 12015
2180 1925
14921 4716
14009 15708
14362 15114
1420 3012
3985 17209
13997 4598
16599 7838
492 11970
455 4625
3824 13225
1241 10086
10530 325
11861 7194
7662 12233
16771 14413
9155 13272
9458 15150
3942 9249
2763 3736
12755 15599
12832 13582
14263 11577
5745 12441
1733 11958
773 597
6283 13020
625 11235
13629 10171
16212 13104
11156 3251
3239 8607
1256 17993
8023 11043
819 13205
3407 17194
351 15546
2428 12831
6221 7286
16719 4714
5515 7980
14946 3170
4931 710
5019 6037
6258 13811
6029 6612
5859 4761
13194 3814
13782 10165
4139 9707
976 3791
13760 15969
11601 8605
16459 17779
15392 16720
7433 6769
7694 2055
11701 6967
14850 6289
11348 11031
9963 842
3981 27
2817 14960
16554 3171
13074 5831
1756 3719
13425 14812
6053 5958
10579 12442
15754 4351
8973 14499
11269 2540
525 6048
8867 5125
220 8408
14107 14607
3793 13612
1473 12591
13852 4763
4493 3365
7828 15378
9770 12674
15208 16002
11734 12120
6215 12320
3625 8003
7583 15566
4552 1036
16423 17591
8308 8747
14076 3389
14876 3801
10783 12262
5291 13633
6218 227
13035 12885
10545 15436
8157 3577
2903 3990
7832 11420
12613 6624
12239 4657
8350 373
5491 5066
13967 26
17396 6779
15069 2243
3060 13947
15492 5379
14845 774
74 16560
12645 5447
5606 3658
2846 10933
4681 14194
11110 248
12629 445
8516 11888
12950 11551
11278 6122
8174 17991
4450 15133
13151 3161
2503 13144
9580 479
5385 2996
11507 7818
9517 13725
14191 10594
5748 16810
538 9720
11360 16428
11824 5307
9651 11639
8653 14008
10538 3110
799 8152
12017 10953
4046 6747
1633 14353
10267 6020
12622 14162
5884 9740
6277 12844
4529 1922
11119 120
4734 14539
16741 6401
11915 9611
15505 7045
11054 16760
2065 14404
4778 15921
151 10512
8264 8759
8823 7287
9355 13526
14880 16593
2875 12230
2755 4680
1773 17614
6511 6867
2291 15470
1680 5878
11139 2174
3704 8088
11254 4908
12571 8500
2723 11450
16121 1664
13148 2437
8754 8293
16764 328
4006 7508
6562 429
1518 6987
401 6864
16082 6001
16924 6294
4624 12676
5519 14742
10765 3956
2104 12201
16431 10566
12028 10128
6254 8792
11830 2246
5221 760
14735 10475
6016 2307
3194 751
919 17980
14249 14562
4265 12264
10058 12887
614 11955
10152 16217
15117 5449
4948 13492
17774 16620
1859 8166
10346 12654
13308 7889
4913 14149
6025 9976
13998 8508
13933 11404
11289 875
15082 6651
17063 6833
6459 8644
13746 600
6948 6188
13463 3740
8529 3597
5069 3001
2388 6628
14721 11743
6506 3862
12556 8495
17765 12944
11506 9123
15953 11770
13181 8610
7875 10700
11292 11857
16773 367
17725 1908
13863 8873
3364 890
8257 4375
5603 8601
878 5758
1630 12175
11349 7475
2553 16397
5767 12349
7006 14854
9621 8052
5839 1265
12582 15319
8402 11087
4407 6255
13668 1891
12367 8718
7196 12263
10333 7460
5827 7537
14975 5688
1898 4005
11214 12284
12756 12585
7079 16740
14501 16330
11571 10549
12155 14475
15382 1834
14190 6341
3105 13273
12258 17721
15824 6461
11149 9179
17082 4633
16579 3085
5315 12519
9597 6772
8796 3890
2007 8117
5332 5301
420 2658
5485 4594
16526 12952
4101 4225
14388 3653
874 17606
5381 12353
5254 2220
446 14032
12010 9912
15855 5421
1282 17440
15017 13938
15213 9138
7095 6080
12888 16513
16388 6273
14325 17778
747 14454
15831 15962
9180 13369
13502 13791
8098 11376
11274 1406
1619 12305
3270 2872
8305 10750
9047 1643
1226 17521
9958 10211
13640 14628
8004 10031
17140 196
13464 9457
14945 4184
11936 8854
4090 13292
3157 13511
5183 10161
2928 9570
10048 3787
3108 6077
6972 1677
4753 14915
4457 2203
12507 17564
4271 10461
14094 4709
7911 6660
17658 13392
7190 11250
13136 5242
1153 4043
7893 8599
4903 14347
8683 12900
9782 9160
16094 8850
13014 11012
107 12934
5130 15513
1388 8381
8667 2609
17505 8135
6916 8445
11010 16891
11523 9892
11111 2364
8615 16862
11720 4858
16472 14693
15270 6699
3790 16700
4029 9608
4111 14001
5844 883
9730 10018
5418 11682
6308 15986
17844 10115
9537 7378
7883 3165
11064 14172
2018 13713
14829 8268
13650 553
7787 9810
9304 8203
5493 2410
11492 12693
3507 6672
15603 9858
13348 5714
7672 4155
13342 12452
11863 615
1594 6689
16655 12897
3669 10744
1706 694
16996 3286
14240 8247
17714 7075
13306 6088
10131 2650
13881 324
8005 5575
13928 1697
12496 8930
1133 14687
17210 1220
13763 904
9647 8140
790 14189
12771 16717
8975 2113
1729 17498
11367 8742
7910 222
9115 7154
8522 8524
14259 13813
8695 969
9890 12814
10523 10220
1699 5459
9422 3102
5853 13628
6751 2792
5133 5759
6136 10983
816 23
10707 14456
11541 12131
12527 8603
2581 9786
247 17974
2029 10472
16643 10387
14763 14280
7015 17527
3246 1087
14012 4674
12255 1721
1570 3571
7178 15205
3960 11179
2040 14658
964 2155
13758 16586
10431 7678
12382 685
9869 10496
16006 2301
13512 1799
10491 11740
6666 12414
14285 3320
17292 10826
3901 5723
16522 4048
5775 14318
5455 16274
1510 9189
4804 17567
12601 17008
17358 11249
17065 8946
4180 14046
1997 17887
1378 16691
3666 16362
2605 270
17762 3484
16547 12780
12447 3726
2686 8289
15910 16663
13894 12457
17242 5559
10555 2614
15132 10370
2638 14961
11266 6075
355 4932
9032 9640
6321 11636
947 2547
16660 12134
10412 4104
7917 12811
13432 16906
2591 10915
6587 16113
688 16104
966 6618
9674 12516
11522 1197
13549 4488
15311 6517
187 2440
12117 2772
7443 14988
3630 15438
3133 1467
3263 1682
1745 4530
14867 3774
15080 8100
13960 5510
8786 8078
9660 12216
1489 2684
14564 10616
3539 37
9698 1963
10857 11389
8757 988
9975 9495
17511 12223
6191 15476
16750 7491
15282 7649
7387 6295
997 1364
17263 15968
6101 2916
7223 2452
16389 306
1812 7149
3452 8925
7762 6749
11015 15362
2102 9321
9578 5928
5143 3399
6671 12027
17206 13902
3602 806
5148 2422
11903 1738
14040 4161
11192 132
10943 11968
13159 11025
5172 5441
8928 15740
16040 13237
9471 11514
8102 5105
14796 2131
5930 1994
13059 9527
7039 1228
11664 14526
16701 14412
10554 7142
11585 7692
7661 15926
125 907
17903 17221
12819 15244
928 5983
2900 14882
14227 565
7983 12666
9469 2824
7205 4780
16802 14409
11449 7171
11026 9996
4980 17998
6104 13952
5984 3930
7779 13717
4193 1533
2241 7677
12621 703
17400 16443
11947 2270
1874 15716
8314 10307
15495 12151
16979 6022
5170 1581
17683 4833
2857 9548
10604 9962
16225 6648
14654 6114
14153 13592
1400 1681
15271 16779
13304 458
2946 9245
13480 6141
13302 2923
14497 11793
5196 10603
10377 12871
16965 17583
3712 12656
14109 11151
7027 7246
10445 4871
4897 7277
8784 4985
12537 4074
11622 14788
8586 1866
4907 11525
2884 651
2420 15054
17241 1571
582 17327
4330 1335
8195 8018
17961 15048
10319 16078
5707 1302
11864 3781
17593 16243
1798 2712
10127 8785
2128 9802
17537 9275
16695 5876
484 12466
6018 10547
2523 7492
5496 10038
978 12630
16507 6234
15742 6263
8811 4937
6300 10175
433 7870
11829 2768
9656 12606
12779 14523
3181 5528
10328 6630
16868 5006
15865 239
2306 14991
16395 1344
17084 1886
1201 3491
9595 798
14392 2579
10164 13070
16869 9067
16498 12269
30 7056
5223 415
12776 2184
289 14200
9470 16425
1304 11749
15402 5285
1050 17322
12200 189
12207 12489
6744 14870
768 12726
15046 15580
11403 1851
12941 8790
7141 12764
16151 14290
1468 11669
1445 5631
480 426
2565 17344
16144 12007
1185 8321
2855 3980
11167 1714
6507 9888
5039 9529
15174 10400
10124 1653
12334 10015
4350 17875
8719 14683
17677 6073
4749 10648
9261 9683
3819 7545
4059 6223
4442 12529
4991 3073
5921 7763
5591 4927
506 2737
15712 6974
3566 16064
13036 16408
16088 627
14434 16310
11422 1592
9686 8398
13309 2919
11761 4799
12528 5505
3854 10736
12327 12550
2117 11787
9573 11401
12396 6876
3589 8810
1654 5415
7453 12080
12890 14332
8697 1749
17346 17394
6976 3643
14807 17860
6903 14756
13433 15533
16825 181
7868 14958
11039 3903
6632 3564
10364 7022
1297 206
6686 7395
15076 9906
7727 16442
9240 8894
6177 16987
10852 6452
6979 5592
3015 15427
15096 6712
3099 1977
5016 17470
9813 14038
14767 290
9574 11013
8376 3425
9689 4577
4242 11256
13096 13505
11719 13983
4299 11501
11977 15755
17398 6519
12737 7612
9092 16323
14540 11036
13981 16321
9807 12224
15766 4513
10026 1755
6096 10878
9652 13013
1554 4136
1607 8419
7268 16339
9632 10093
179 2548
1566 16992
13105 10753
12905 3172
14757 11023
2893 1349
4153 14838
16552 732
8142 14419
11789 13891
13354 15346
15202 13295
941 209
7770 7745
9065 16324
6297 8194
1495 11022
15414 10824
5959 11711
9811 14375
540 2092
13377 11802
2196 14977
4744 16466
5331 8224
5153 7258
6775 12323
4157 15028
11359 6354
9010 5583
9691 12413
9124 16054
14382 9876
15699 10297
17226 17190
853 7120
16392 8711
6197 641
8510 6730
10294 7941
11878 17873
9199 16531
2558 4474
4773 11430
15092 16884
11607 3605
3898 8906
13939 16385
14031 7000
6211 13487
3196 7743
12169 10595
17313 16455
10647 2281
14503 4870
6380 847
8388 13775
1 14791
191 7952
11393 14028
17831 6500
8344 17235
1831 16678
2626 6094
8965 2601
15385 11121
15024 3909
2221 17369
8380 14959
12126 17526
6869 10264
12643 1734
7234 16271
1011 1801
13602 12137
13017 4105
10776 14423
5801 14862
873 7858
16251 1724
16954 15906
5581 7046
13606 12075
14334 9613
10230 13599
13339 1142
3329 2381
2177 17634
12929 3915
2451 13102
11328 2544
7845 13457
15318 9615
15056 14793
3936 1940
1731 17990
14278 11369
2529 9738
1881 15143
15128 17225
17997 8071
2976 5609
11786 12454
10096 16664
14056 137
13741 13807
4506 2730
1145 10486
14989 1204
11828 9502
9211 4637
13504 8299
1661 1917
8250 15625
15373 14020
14874 7514
1233 7144
13113 9661
17255 16815
13521 13662
15104 1894
4044 11188
4328 14276
13347 13984
11270 2782
13716 11980
2210 4298
7139 3614
12374 13779
3325 17251
11176 3867
16666 14349
17741 17554
2729 5325
12840 14719
4243 10396
2906 13027
10002 5562
11553 2535
17975 2486
14653 17405
14759 11444
2013 2633
8326 2754
3708 13937
9424 14936
11595 9434
15372 1023
7767 8622
5199 12976
1863 13529
10856 11325
11408 10153
12295 3095
12611 11648
12079 9756
15367 12552
12564 17542
4651 12265
17243 7728
3448 12448
6307 15071
17746 6292
16195 5313
13692 104
9229 17705
10302 17515
5085 494
4783 15074
12251 13645
11869 1563
13513 1300
15854 17462
1743 16705
11735 12492
15337 5184
13268 9598
1234 1550
3668 2629
17832 3381
12683 17546
11708 15964
7561 7130
734 8714
4228 10624
3055 15796
4826 17382
5136 11942
17586 4384
10055 16541
3920 223
385 16619
3746 1744
12433 6629
8475 10053
15688 7082
14256 1268
6286 10482
17605 2557
6189 3567
7274 14086
10654 17893
8171 7784
3497 10408
14797 10879
13999 10348
16527 10275
5083 2929
11109 6870
14651 10424
6439 7621
10041 8095
15158 713
9767 17637
3477 17667
5273 9551
346 11838
11283 11835
10759 1919
7271 15618
14323 13696
2342 3718
10991 14016
10284 6402
6406 4765
17432 14442
8414 5287
14351 17324
10811 8729
12909 15934
10782 13352
8624 10763
11653 11076
14180 16167
1223 14575
12022 3042
3114 8902
12443 8558
5917 13785
15135 11373
8855 9675
1490 10676
2396 16072
14182 16097
16086 14818
5162 2669
5278 13562
11208 2188
3412 9227
12084 16607
1896 5377
13359 800
7538 7158
16629 9005
8499 13945
15581 16929
6842 497
2371 14584
17469 11129
7312 7731
17295 5059
5342 12398
13208 3555
1054 9025
5841 11654
7482 1095
8210 13458
4263 15752
6485 5690
10988 11956
4208 8130
12143 8589
11621 1822
2248 1644
7901 10069
13935 11040
366 14941
229 3775
11261 16523
15886 9161
7907 6069
8566 4618
16521 6977
12206 867
10829 16863
99 12008
9432 13950
6687 2691
1651 17538
14544 4125
4844 16684
15928 9370
6899 15734
3505 13016
14281 14115
16177 12633
1352 55
8967 14364
12920 5698
10458 16313
10215 3264
16506 12455
10104 10515
14319 1579
11884 48
12229 11987
3199 16166
11933 13957
13688 13322
15425 13015
17359 35
7464 9654
15351 6834
3683 4164
3316 5533
6391 3083
3474 9520
10462 7044
5232 15354
4072 5875
10345 9956
14620 15567
10097 12424
13004 9387
12725 3807
15733 6339
10201 10961
11257 8461
3649 5208
4360 2844
926 11224
7437 10063
9195 6161
459 2799
17064 6668
12037 12168
11347 3532
12825 5541
17044 16012
10361 12797
7562 8452
15849 5890
3176 14079
16108 17668
4214 16658
16458 10978
2211 6936
5445 1104
12422 5618
11756 3563
16630 11294
10452 8394
3717 15059
15440 3368
5867 16249
7392 5078
4922 2703
15441 11904
5028 17275
14110 6785
14425 15430
16120 7303
14022 11096
2706 3826
17745 1171
10012 4411
1517 15987
16981 3372
11812 3753
11406 9634
16018 17127
17017 10895
5380 776
2785 17039
12209 16191
2224 2286
8396 16835
3721 15552
11402 11704
7756 10374
14804 16847
3962 228
2577 5713
6078 11873
15390 3644
7816 13726
5388 726
12499 11961
16948 8654
9556 9485
15853 2015
15155 16909
4357 8013
2455 13789
4285 3336
885 17540
15726 2026
12807 12406
11817 8511
16022 13989
15555 9622
5960 16456
10421 12248
12834 6310
17336 11455
15565 12793
1943 3078
6800 9101
15405 9437
17273 10882
5022 319
9114 5484
6650 10710
1332 1051
12901 11337
2564 16848
9431 14633
8584 7068
610 16998
1811 8385
12515 7515
4378 2997
2201 9215
3005 9631
3551 1397
16963 13542
1871 14525
10478 12313
16314 8065
2765 5580
3495 1984
3908 6056
16058 5454
13365 14717
5880 14355
10932 13097
2084 13129
5495 4856
5704 340
8738 9147
16137 9778
15212 4179
3430 15185
1208 12261
8940 6368
17490 14478
11606 11810
2541 10725
860 1055
8456 8417
6518 6541
14895 4377
2158 12060
9106 14131
4036 4977
8384 5001
5716 15537
4473 13596
8467 8360
15126 9381
5423 16674
13709 2215
17357 4861
16608 5587
16074 2123
13061 17588
5397 1507
14101 14422
12875 5110
7001 1855
14098 3526
7821 5854
12898 362
9314 13543
7645 925
12985 15297
13393 6572
1317 8638
14784 6941
14473 14835
4663 2236
10836 9653
11301 1480
13804 7801
15870 7293
13375 17013
11548 10764
9844 10223
6455 3835
5513 11671
11515 359
17366 12525
10027 15066
5310 149
2105 16312
8979 6157
16189 17350
16254 15899
7049 16968
10839 6170
14588 2521
13000 2852
11038 5923
14935 4134
2254 14734
7203 11318
2735 11502
634 12648
9296 5231
3537 2138
8491 10614
8382 10188
15681 4112
10821 4023
11982 6052
5299 8097
16820 15138
9541 7708
9311 1484
17212 3432
5097 12373
8446 7651
4009 5088
4062 17297
1527 16553
16649 4380
10050 13495
1914 5284
9452 6379
320 15090
4691 4904
7292 16165
11374 4721
7390 16967
16853 11918
8218 9966
3772 849
108 4607
9845 1286
16073 10453
11725 5656
6129 13093
3002 16099
12204 702
17503 4613
13242 13773
5155 7394
8692 10980
13943 17684
7830 13749
11033 4611
8988 11730
16591 10344
1903 2798
2853 10872
12913 16333
17693 17710
7328 5826
7579 16214
3905 11547
17430 9228
12325 16829
3681 12578
17420 4722
12218 8537
237 3899
15735 12479
3748 13122
13101 8795
5389 3900
4167 14557
1486 17391
7325 11887
14891 2449
7372 13737
13018 14531
3427 14553
3531 11757
1572 11744
11247 4287
9374 7733
15369 4197
16451 17898
16055 8713
14169 3926
14093 8383
8372 3850
618 3300
6394 14924
13200 15349
4273 1415
13219 12815
1832 5937
3376 7077
10007 14283
10814 10854
11044 14732
14512 10934
16179 4335
17901 8276
15350 17712
11569 15204
11616 13358
4505 13727
14054 16984
10913 1187
1014 10907
3048 4038
9482 7516
938 9192
12311 1707
3728 2806
775 8478
9186 14559
11282 11079
2318 4103
14694 16903
4954 1115
10748 12304
7790 6265
12450 1210
1971 5715
17727 14015
12257 6298
9806 10637
6201 2656
9849 4359
12510 15099
10185 13525
3483 381
5679 9448
7488 3701
2135 1487
5752 13911
12491 7245
11113 16190
3896 3119
1660 2146
10586 4393
769 10308
16119 2832
7773 12377
16699 1276
14297 14728
7647 8430
1042 11331
13395 4106
5220 8845
13907 10944
14919 15616
9532 3049
8024 2347
3451 1425
5047 4276
14391 9390
13099 14834
14187 14312
693 5000
14541 13816
1462 4819
815 15306
261 16231
10454 13535
10714 606
13381 14137
5677 11424
1077 4248
2550 3014
7885 14125
4213 5437
12316 2492
16834 5655
8031 15091
1880 16714
8357 6846
15518 11484
7900 9677
2005 6952
2075 5181
8432 11890
16789 13573
9343 8701
9902 16492
4606 3881
6845 1131
8111 6490
16661 12662
16116 4901
8880 4531
2225 3513
1720 15417
4188 5622
2892 13169
7262 10235
1646 13465
4126 13699
749 2986
16944 5730
12757 12409
13128 12570
16060 1229
16172 12177
17020 7536
1325 8598
10942 5062
12664 11519
12738 10467
13454 2944
995 13667
10898 9255
8678 14275
292 14621
3613 17878
2989 11646
4676 9365
3686 4277
9727 1824
6881 15651
1294 14953
10286 5187
9035 13289
7589 9177
2456 7226
7757 1797
1800 12791
11677 7724
15841 15322
12063 4433
14160 4055
3972 6978
729 15334
13142 9077
10781 3074
8933 8298
15480 12696
4610 6214
15550 12326
7474 3426
11414 9557
12163 15055
17339 2747
411 6317
7738 9586
177 3103
15483 7351
17604 15729
6971 14206
4642 15431
8017 15882
7609 3765
7160 15909
4148 296
9110 5194
7026 12828
15130 13125
9609 10001
15762 11379
9820 8684
17356 12044
15473 16261
8304 11323
6951 17940
9562 13860
13742 5294
8727 11676
15520 6955
12237 9148
4682 12922
14752 8211
4385 12357
4286 4058
4014 8328
12296 6897
245 2226
15647 6090
9405 4566
6757 2089
17669 1009
8888 1835
16430 15659
17077 5945
3204 1685
17015 6489
2419 10418
12473 9506
10099 2363
6491 15672
5977 6496
4027 7546
12617 11806
14942 8442
15717 11698
14832 6457
9436 17130
16357 16557
1907 6599
7162 4969
5243 3608
15217 6762
6139 15929
4733 14354
1608 2828
7119 5108
166 4317
15871 3606
10480 5113
15730 6810
6071 6404
17829 4553
2883 16131
10928 8702
347 8959
5327 5337
3021 3952
17224 465
10642 14877
11222 5987
15261 2802
463 13942
12073 8434
9372 15147
6306 7939
2714 10845
17422 16551
2719 4480
8557 15502
935 2194
8990 17670
4379 894
10615 5784
4356 15345
1795 929
6522 4848
15683 16194
10276 1120
6889 8993
591 17433
11535 3160
15828 17853
6010 17227
605 13023
11120 10694
3834 1152
15857 12800
3687 10977
2033 4842
10967 4942
13057 11641
6919 10470
16642 13954
2796 10336
7177 2097
7744 5811
9084 13649
4662 9023
4226 16387
3757 6027
1663 1016
8521 6026
10490 1813
999 13613
9567 15299
15946 16983
14770 6748
16675 16568
14238 1669
3989 17786
8876 809
7881 12083
11939 12497
11050 2150
12590 12523
15042 5997
57 14207
12391 8872
15320 15690
8937 3306
8698 13519
779 6947
293 7388
7760 7822
3911 7181
16923 16889
11780 850
16416 3340
4398 1540
8059 15323
1135 14661
12658 3150
12219 11445
451 554
10657 2751
9394 12685
13788 6504
116 11425
11069 13805
14197 5972
5729 17957
9862 4917
10107 15004
16354 15418
7659 17384
7698 13003
9784 10411
6657 266
3803 17437
2156 15317
113 17303
5149 11912
2379 9659
4370 16753
4724 3645
32 552
259 11077
1590 14327
13550 3215
12437 14184
2552 10885
11174 3107
6579 8311
16162 9721
4116 9408
11399 13174
3720 17447
5458 16667
6727 6123
12033 5563
7777 2322
3212 9464
12254 17265
4616 8716
15940 15157
1516 17407
10102 17070
2415 16796
6639 2331
4279 515
14532 2297
15778 9006
17428 11336
16181 13837
8338 11132
6342 9658
10353 15131
9277 9154
16567 16722
17631 17858
3845 2970
12002 12212
15183 216
2442 10485
17191 4852
2987 10008
4811 14092
14047 15578
5889 15039
10719 10887
1027 708
3647 12722
14378 12714
11480 1141
12390 12042
785 858
12253 15615
17291 313
14144 1956
10794 12385
16041 301
7085 826
6939 13420
9626 16118
14002 7629
3345 4331
1113 14751
17277 16336
17939 2524
15035 5871
5836 4631
1865 10435
13792 159
12102 4429
8378 10716
11212 15949
2041 15867
443 2578
3411 7903
10760 5529
3745 16267
3777 1190
13744 4726
17213 2659
4670 6781
14363 3401
17685 15165
11991 6043
4509 17007
1348 16433
10295 2252
7864 4888
5463 1573
5446 12227
3494 16950
7371 10432
14311 15464
7423 2676
10577 9352
1978 14887
12752 10083
14819 9761
10533 15737
1492 16512
10173 4688
16239 2028
13929 11805
7385 11319
4758 17699
4550 14857
676 6891
11505 6144
17743 17871
10795 5450
14483 2052
4261 337
13856 3112
3321 15763
17214 646
870 2008
16158 1359
244 9046
8824 6465
11634 5034
5558 15421
54 9641
2731 9206
17146 12761
3195 13461
523 17442
6149 17644
342 9134
736 2309
17941 9990
13787 5306
16102 14675
12935 13052
12973 15365
1342 2505
9391 11220
11579 7747
5719 1684
15835 8336
14537 10576
6497 4117
3934 13179
6343 15452
5697 5531
287 5751
7945 14692
8748 17249
1459 14352
6980 9439
13958 3285
335 15862
9592 15250
9710 877
11718 17989
5270 10111
16778 2742
6229 2275
8581 17219
7595 11230
15013 1103
11774 16525
8169 10170
8134 7594
12956 5988
13551 15355
11194 13002
15668 7502
9057 5684
11218 12948
13266 15025
6227 2130
11034 9325
7011 7324
17045 9575
2512 14824
3872 11458
9026 8496
4772 3561
4739 7739
9555 17143
12554 10973
11177 10081
15491 14064
8642 17958
6320 8039
6365 16363
753 5532
6540 2539
14386 4658
4898 4189
2166 6226
10198 9105
10203 4847
17938 872
11312 3709
3631 16575
15869 620
7346 8323
12609 9337
4231 15686
15851 11051
15642 2891
16411 9739
14670 5901
12881 13398
9272 12298
15459 15136
10126 12249
105 6649
11820 12476
6403 17793
13091 12508
4396 14529
6605 2963
1181 8110
15551 5361
3696 1438
7796 10701
8752 8559
13822 16555
5258 8196
15218 17157
859 5216
11221 16011
7934 6875
596 17982
2580 7568
5158 5356
10627 7543
4953 9843
12474 10176
299 9593
12910 12514
16529 16785
2086 10665
6102 7090
5727 218
6469 2032
9438 8176
6231 12535
3885 1034
16795 8782
8658 9029
2950 9612
11231 15291
12595 16464
10337 13037
16502 7053
15437 15075
2193 2082
7793 3420
15475 15044
13283 17312
15363 9087
6058 660
2890 12876
4199 15744
12361 1583
11089 13559
6281 422
12061 12620
17179 13896
2822 14893
7227 16694
15832 2187
14910 15963
16916 11716
14610 14222
5710 13680
7153 2287
9234 7125
6486 10947
5652 9643
12697 15656
1477 1641
2697 7804
14649 630
11746 60
2209 2569
930 14445
10984 10924
6669 14715
9388 12584
14741 14147
417 7019
16124 10229
15019 14664
10167 4397
11346 15453
1763 13499
7269 13767
8036 4489
12178 16050
17323 17926
10360 2116
4060 17616
1989 2487
17932 6520
6694 6827
4565 5416
1964 10869
1337 3875
12272 14010
3363 7251
9669 8160
4481 8235
3216 10384
1959 17979
8123 4020
13152 16178
7242 14823
1316 12225
9511 6327
11594 16864
11615 13565
15887 8125
9187 2728
2501 13666
11768 6228
12112 10072
13229 7963
14127 17576
11679 15531
9713 11114
5320 3579
4727 13883
537 4925
6523 10373
15413 14267
12009 16935
9011 7322
14073 9166
16109 2861
4635 11251
16849 755
9494 13154
17198 7605
2520 12167
1713 6194
14177 10682
14509 1934
407 10392
2317 14228
3070 5586
7530 8198
4829 6960
9237 16488
7590 11840
4636 12315
17555 9027
7362 8995
5764 14338
11353 17654
11853 3615
2427 10724
4609 4092
9925 9089
14416 17529
16832 7986
12716 15481
3637 6156
3332 6774
12971 7331
5081 2773
17915 17281
744 17863
4587 13820
12758 6652
11288 13058
3380 14903
8883 5849
8668 16309
13235 1867
2336 9538
17651 2444
6346 16761
12122 5838
3312 12925
15339 10969
11573 7363
15785 7797
1035 10281
11014 13422
1828 10816
8070 4015
14674 14340
14229 13427
17497 8206
8931 9003
9856 10323
10955 13383
9329 6450
10090 9184
8037 2651
16410 3088
11649 15879
14913 5615
5565 765
6202 466
16378 5476
4760 6032
5391 2767
15093 17487
8425 603
9112 2622
10163 15626
2143 8223
265 10559
4003 15370
16026 14372
711 17566
14697 6626
14376 8278
14504 6525
6926 13051
6382 2403
2745 3353
10628 7905
2169 11461
13730 7996
13867 636
16758 17259
12982 9920
12129 7529
16732 4436
936 2733
14872 1732
2136 2232
4912 4482
1719 13484
7033 9453
6756 10105
10177 696
8084 5837
7951 9846
6783 14455
102 2753
1389 11657
11587 14629
17444 16422
11487 12555
12544 5182
1858 5825
9053 5702
8319 4906
6182 2966
3729 9884
3098 16973
2801 1289
9045 24
10244 6559
15575 12667
594 5567
9236 5616
14496 17481
7695 14048
2003 15936
5371 11911
6851 14308
13253 2549
9036 17648
16246 11459
10729 16048
4329 7410
432 14849
2780 17530
2010 6434
8567 1399
7646 2159
15705 3360
13063 6256
4128 5326
11252 10410
16882 667
1877 3538
11714 7109
13224 2494
17285 4832
17253 10520
2244 16892
11153 13611
3281 12182
6878 12801
17261 12421
14326 4311
1245 15554
2326 13672
8514 9209
3883 7769
12228 11564
4837 16338
11596 15256
14164 2356
4080 17379
2480 12760
11540 383
9737 12751
13968 13321
9750 1251
2948 8737
17439 10563
11962 1170
12690 3786
11582 17415
15381 12623
16234 15640
1062 9848
6737 9503
12576 13888
17742 7702
5779 7961
782 13959
3279 1169
1193 9451
17624 6467
4790 4314
7833 1437
6548 7751
3461 5585
10162 8944
6739 7837
8920 353
2734 13588
15466 9222
15386 4304
1621 14343
14999 1435
10910 4857
16989 14145
15340 16566
8901 15364
16580 866
15391 1299
9455 6288
14612 2738
302 14253
11620 12387
6116 4514
9340 15190
745 7403
16534 15167
112 2012
11747 6316
11493 15272
17944 16827
8552 11452
8898 1031
1810 13143
17802 3326
3810 10440
9826 1230
10073 15878
15571 8745
3313 12894
10790 12896
17145 2958
3032 5477
9894 6791
15598 4496
6471 7896
9104 15139
14291 3457
8488 16548
7099 14673
9490 10669
10456 8325
12368 15633
3541 10095
3725 15458
17464 488
11453 6943
15610 10273
3104 3111
12106 731
14511 6852
14524 5807
11466 5982
12029 1784
6708 4346
249 2483
6545 8520
2022 8700
17392 17772
6825 1099
9911 4133
16978 784
344 17136
5439 15679
4151 15848
3600 16494
7886 2902
6655 15294
7732 8681
5321 7280
13675 4283
11272 1015
4383 8831
15975 4839
8575 4485
14381 9486
14787 5989
12526 10016
13089 11390
6222 11882
1808 8756
2677 13245
10231 3243
13046 11205
3506 10600
7525 17349
13866 162
13403 10565
5963 2328
17167 8631
6462 584
10998 17582
11201 9785
13515 2100
17377 1091
1426 3512
8882 3292
2993 14113
16138 1482
14188 6509
4455 9279
7775 6151
12581 11656
5120 12475
5043 15584
9678 2649
10757 16505
762 1893
3129 3100
14348 16371
12672 16600
9264 6909
169 3543
6035 10546
12955 14846
481 8055
16084 7471
2967 10005
13607 277
17632 5722
11914 14602
14640 17724
9351 495
4354 9679
8331 8429
6443 17955
3016 1306
10473 12614
12933 9630
11513 1324
9865 8271
13992 12215
17984 2940
5643 3200
14254 17822
12259 733
6991 14185
8864 12429
14108 14491
9121 16683
8808 11330
10975 4934
11439 16876
12785 8829
17019 13661
3187 3663
2069 7786
8717 11070
10946 4961
7670 1748
69 8447
6358 9929
7908 3158
1355 10320
12425 15181
12185 6659
9260 8379
9716 3982
2302 3228
4746 1072
4890 9624
12588 8815
7977 10034
7172 4438
14775 2654
2163 16569
6093 10270
1242 9687
5129 2242
10954 15477
16824 16734
13946 4176
14943 7191
7069 17491
2308 1767
1167 5794
2803 3785
2685 17205
13382 17131
444 8239
788 14816
12977 2805
12345 3612
3884 17494
1485 16721
16478 9474
8184 2850
1549 4639
12013 3542
5815 9083
7136 16147
9493 738
12628 6913
5500 5375
7173 9885
2961 4563
6383 10644
16957 17182
10449 6942
16278 15188
902 12796
12324 6338
14957 4603
2663 25
3463 14888
10896 2694
16736 9317
11310 7096
17138 12098
17857 13575
12512 2759
8832 8572
13884 16917
16846 2352
15134 16320
13350 10997
8297 6573
17513 9645
12165 4570
4150 12071
990 6432
3714 6653
14122 13719
1830 4947
15706 13319
13977 12365
560 7438
4599 15789
1217 9749
14105 8167
11084 14657
15292 13418
4131 12461
2024 10905
7924 4865
12186 795
9690 10372
6646 17675
10366 13620
9979 9824
2323 13794
16539 3598
3842 12530
6793 1935
6565 7135
1295 2838
7368 11005
7630 9965
1872 16991
17217 8144
2949 827
84 246
3183 16027
1791 9650
11510 13338
17870 8056
8766 15251
7102 9256
11108 61
15955 17821
14976 16286
9328 6798
1526 9857
2922 17186
6850 3863
4996 4172
16372 14528
2406 11916
4892 2139
2207 4363
8672 15822
2715 1901
9347 9350
15407 17288
5649 8393
15728 9447
2568 17864
4785 4050
9094 9602
4371 588
13163 4792
1634 4147
15057 7968
9671 9042
439 9922
7157 6592
12891 13579
1021 12064
17269 12790
8367 406
14468 5227
1969 3918
12301 15658
4216 6006
12795 8501
7667 517
6530 10970
5298 12172
2962 7355
5061 9402
2087 472
2935 8696
13541 2463
15235 11083
9293 13572
17438 13923
2353 6638
10495 2597
3330 12065
5092 8390
2525 10269
6409 14234
12411 6817
16017 8249
1154 12500
6970 4632
5835 16485
9504 1921
2384 10632
3837 12370
6460 8356
7228 7876
16562 10166
11833 1976
7509 8487
12826 3391
13871 3762
13254 15106
16668 7542
9723 4627
4940 1338
4601 6882
9334 3582
8618 8626
14809 7169
7862 8342
13451 4936
12754 15409
13736 5501
16679 8030
9378 11537
4814 11123
7632 15961
11792 892
8283 2613
1942 5443
6770 17817
1836 10183
14801 15549
13452 14371
3957 2472
2110 471
16587 16811
16604 1560
6279 11295
6557 12984
8047 2137
13762 9891
219 16632
6600 3620
10351 5975
13297 1676
16806 2481
14316 13639
8316 1584
2417 2707
10217 1012
14165 3638
1243 3673
3202 5343
1270 5451
17256 7215
13019 2771
10778 1780
4544 8835
5865 8877
4916 9418
6911 17851
10413 17169
15012 6866
13953 4487
12038 3751
16804 6641
5955 7574
2019 5009
6502 14947
10993 13231
15793 10847
10190 5060
3413 6408
4264 11258
7127 16625
9107 922
17332 16790
8399 9341
16062 4626
2374 957
10311 9939
6448 10146
1366 13761
11488 6583
4449 12505
6008 3295
1673 7261
11 16897
376 1850
3437 4605
3061 16175
4196 3836
13821 13920
95 12282
539 6877
16606 11219
17203 9233
13558 10959
4956 2186
10860 11435
2682 2998
6445 10708
4293 6249
4175 10608
12912 4525
15231 10630
7654 2702
6658 16624
10339 9983
15864 3331
8755 13570
9977 17758
12330 13069
3013 5933
17293 6113
14459 8369
12592 10425
10322 7289
17286 15105
15342 1575
2536 1275
13187 14195
13446 5003
3206 13850
12039 11705
13372 8703
4234 2484
5659 6423
16975 7620
16045 6112
11819 5599
16404 6419
794 2881
8812 8444
14237 16854
11305 3472
12480 6478
12292 8413
6076 3565
17761 15052
7036 14320
3639 12074
3435 1555
14792 15569
921 10196
11020 11216
13681 6092
7685 1284
5432 11052
13501 5402
11428 17849
1112 16415
6264 1307
3234 14786
807 1995
10222 15677
9833 10834
1861 15650
575 3132
1150 17160
697 4542
14051 1288
9303 6495
3355 14680
2554 17986
16851 1511
2043 12317
12400 16794
14688 15780
10607 2811
9930 11375
16731 12743
1702 17252
7831 4893
17431 15564
17740 17402
15784 5359
8813 10261
65 3827
17613 17681
5480 16808
15290 5396
2837 12375
3591 450
741 13281
16671 408
632 15229
15990 1493
3417 4928
2508 17363
9915 16670
13478 12104
3771 3485
17425 14068
9055 2222
4659 13201
6619 8170
15243 9318
12549 3277
8694 12058
10966 13288
13921 13110
3811 1804
7671 16266
15239 291
5161 2727
8228 1640
8258 1227
15030 1632
3950 12559
8334 2570
4786 4463
10103 2551
6714 3247
9007 13111
14534 12930
10061 2954
4604 6040
8175 17969
15435 528
11855 7556
64 8914
6436 12604
581 6874
4069 17723
11858 17287
13834 14155
7052 3128
7455 6285
482 6441
13385 10842
6296 4358
15791 6005
16509 16071
1857 891
12724 7384
13462 3214
9210 12768
14055 8517
16153 3667
17372 7947
9419 12462
5319 8448
11876 11500
4972 3141
15764 8570
11892 6167
9940 3919
12451 15195
13522 1273
6364 6175
6820 8038
17073 3773
6140 7041
9536 2856
380 8427
16946 3357
10858 8362
174 17628
13325 13081
7391 13477
7573 7861
1504 17424
16976 14130
17896 16860
5576 13256
4813 10987
3034 4973
1667 9663
8044 6278
4012 1620
2595 7878
2862 16349
4582 14411
1045 2212
3817 17882
17533 16752
8489 13077
4959 4793
2457 3305
10254 16650
16902 1328
12557 3738
7299 9238
17627 2216
14926 2126
1844 8606
882 5382
8848 4017
16725 17617
9086 10350
10590 7156
10087 14367
15837 9993
3393 10242
10695 11045
17556 9781
9015 6567
9889 238
8421 2489
17023 6521
6159 7526
16306 6933
14408 5666
14902 14981
485 11928
16037 10389
2045 3770
7218 17930
11867 1163
3383 8662
2083 311
388 6643
3572 5025
895 5026
2874 16127
11960 1199
6621 10819
13979 9254
14590 13293
17085 4711
15889 161
12702 10116
5412 9392
9201 3699
14507 1218
1345 9581
11124 5696
10106 9484
10598 2325
7478 532
2866 8621
1121 12877
15108 2504
15399 4402
2057 12631
17547 9417
11966 12883
4156 10799
12874 2293
16718 7554
14500 3382
9916 12378
15838 2370
13900 7358
5721 15579
9887 2542
10756 10033
10581 12856
10024 3706
9646 2960
11381 13839
6315 13836
17759 11184
7501 6645
9102 8623
3722 12721
6322 12943
11593 4344
16669 3752
12772 16367
12600 14314
1093 1666
10535 1652
14448 1444
16481 9591
12741 2067
15542 17623
16185 3006
15064 17033
15732 11796
8996 6474
6720 13202
2219 7281
17038 14521
557 5628
17034 1562
1589 17999
7653 10347
16350 1519
13642 10828
12149 9247
5663 17713
4392 1618
5597 12745
14124 15648
7408 1611
16237 16528
12969 4088
10689 17618
5737 12688
2726 3880
1182 8844
14886 16160
5322 679
17921 12140
735 1576
8640 2077
9294 15661
14390 5952
14907 2829
3182 4640
7713 96
5234 8960
11772 5195
5641 12018
13149 11161
4988 9450
11907 4278
15268 9366
17914 9913
284 4960
17917 9306
3723 13786
8310 6934
5297 8492
16800 3685
8234 9945
5976 568
6395 7098
15501 20
1979 6049
16106 5781
6615 14934
5032 12558
3486 4456
12309 7290
11952 5974
14982 8942
3003 5219
123 12624
13138 10120
14939 2436
13078 1458
8780 10602
14814 5705
12829 6986
13879 2885
2058 13067
15344 977
13343 9758
1401 11395
13279 2205
10112 13011
9700 201
13949 14288
10751 3052
16821 12763
2534 8809
8576 5222
11707 9629
7425 10893
5607 3004
6702 12107
5400 2717
1385 14438
7846 15408
9854 10172
9456 13723
14772 655
13771 13585
7598 13449
7122 2223
16035 2377
13580 3029
82 15715
10395 12545
5316 6954
9754 5712
11496 17720
16613 1991
10762 8715
5749 2253
365 6386
14535 9736
6898 13914
10205 7512
2001 15738
13083 10703
9908 11710
6479 3439
16417 15446
15286 5566
12067 4109
156 8028
17345 583
880 5904
12293 9113
12144 3610
12603 6813
11672 5571
7459 9861
8966 548
14549 3022
4089 17620
12369 6754
7709 3431
17760 15332
4272 13601
4860 13510
9941 1889
7706 13901
13248 17553
7302 14366
10052 7825
4703 6873
4523 17575
11850 16197
8794 10092
3193 4183
2262 2671
9703 7623
5240 17506
2160 17868
11590 12056
13192 11640
8689 3815
11662 3406
12148 823
8046 13708
8949 8366
15522 14707
2051 7466
11473 5245
9414 9665
4859 11431
15305 12019
17835 17697
10820 2991
17174 1543
11981 17032
2587 12850
17883 9146
15419 12540
7211 715
12363 16645
9243 3487
14116 3548
9507 5079
3097 4215
6132 9466
6376 272
17237 17305
2465 7978
9949 6425
13263 11046
4736 8306
15600 13861
17967 11187
6242 5024
2445 13282
13180 3378
15038 4524
13161 6012
3546 4011
13120 7151
11275 13234
13835 6703
4830 1158
13209 13240
11475 6956
9361 718
12125 8335
4951 510
17089 7170
17461 5512
6213 15348
17653 1525
9295 9359
4435 13927
16085 4001
4821 12124
15802 9225
10044 11008
10884 3116
13557 14502
5244 5521
16204 9649
13690 6823
1346 533
10513 10046
8364 2985
5027 8955
3734 198
4451 6481
10631 3782
11565 8410
7093 4515
7813 10428
3478 12405
16710 15998
4752 11028
13540 9558
3118 1478
13259 5345
16220 4039
14170 11300
9564 15589
7494 9731
9020 6363
13728 3266
15883 5348
13483 9489
14731 16712
7572 14978
3149 786
8089 14111
6000 11213
7298 4797
17364 15801
2171 16117
7278 13514
3760 8602
10249 15930
1933 14704
16982 1065
1930 9763
1469 2851
5411 4708
1059 8253
4930 17861
1296 8217
17232 12684
12914 3878
8261 13665
2063 3806
1614 14579
17709 1923
12440 3402
5279 12939
8913 10243
5280 17656
9728 15509
14930 13554
4766 12619
11930 5897
17035 2416
10739 3418
36 742
2813 17171
1404 17943
10709 4667
17569 6437
13333 14749
6884 5516
6515 16034
9744 13963
13364 8072
9510 7988
16875 10688
7017 11443
17649 2679
9718 16767
12513 12566
1580 15703
5914 17245
14328 4419
17298 1988
12187 12543
15920 4169
14241 2204
6984 10415
16015 16334
13041 6723
14078 15541
11037 15411
1598 2603
9444 17429
12366 12851
3833 8255
9542 783
14847 2871
9776 12493
3280 13218
10917 15043
10324 16031
4593 53
22 17799
1687 15992
8926 2980
7611 13704
1409 2865
2332 9588
15621 11618
3153 9766
5224 4230
4181 6763
16615 5050
16812 7445
10672 10098
4198 11823
464 16585
5769 4448
12865 1778
6706 16616
6330 6880
7650 8424
9024 13619
170 14604
7366 6787
14387 3705
7224 14479
1948 17204
8762 13710
4943 5021
15353 16571
16770 12286
11997 17088
13593 3339
13722 2414
8849 10094
1225 11847
1313 2272
846 2975
16913 3480
0
