1800
1303 417
583 1064
795 1435
1236 661
1750 549
1025 806
392 209
1231 1002
251 623
978 313
297 712
710 1050
1583 437
1689 20
25 596
785 1426
704 1062
819 1354
1017 1512
1706 1432
927 1294
445 1296
765 690
1102 120
767 508
393 1395
1075 1751
689 709
747 1034
980 1683
931 878
108 370
1383 966
123 645
1369 1249
1648 1438
415 701
484 1544
12 296
1668 697
1162 1517
799 1759
1380 502
452 179
1620 325
1330 1434
1497 136
1043 1655
198 1657
891 1269
1228 1690
345 695
1352 1076
1760 1063
397 1289
1692 1271
14 137
551 472
295 594
1165 1277
1769 1003
1439 1363
881 871
1336 1110
1794 308
1125 1533
516 617
615 1546
1662 1342
1182 1749
1211 1573
324 1471
1107 529
323 1547
1208 1163
250 851
1227 220
683 347
677 787
1458 461
1220 51
336 402
1715 424
900 269
1309 956
1089 1255
959 1785
598 1023
1158 1560
946 1348
22 1222
1778 940
1189 365
69 954
1659 223
352 1086
354 1156
1242 1446
757 1418
1562 1181
79 126
475 455
376 1414
550 901
1238 572
1671 425
431 1362
316 517
330 1579
1793 118
1568 359
1444 1699
953 1276
1545 633
1766 61
673 1772
1232 855
1487 1195
429 751
1771 845
66 1278
895 608
1787 1736
86 1637
191 247
721 412
131 50
528 1331
254 857
1119 404
728 875
1672 449
1493 815
915 470
1684 1098
1413 510
694 466
1644 756
1410 523
839 1608
1392 670
317 1373
1570 1798
543 933
486 334
245 60
1256 1745
1513 1488
1531 648
1108 1467
750 1051
999 559
1168 1454
1612 1167
300 764
1177 1344
1317 496
1551 371
634 1184
407 140
235 1323
1636 218
619 1782
1728 1594
724 1312
90 981
59 715
1133 474
164 908
1217 242
481 1420
265 1457
536 936
1339 1752
1642 1574
274 1349
1490 1716
441 1246
1152 53
9 879
884 1451
192 1185
759 58
618 306
1443 81
1036 133
28 1539
898 1080
1155 246
1007 398
225 1111
555 1565
1145 783
944 1481
1595 1455
91 426
1592 1288
31 1083
83 1079
1707 381
1419 217
674 1470
1675 439
1746 1388
1670 568
62 1027
628 447
642 55
84 503
576 998
230 169
67 127
11 660
1726 1559
87 6
997 781
367 920
1394 1011
1375 655
1283 1409
1733 1609
699 1576
1762 610
1399 286
777 1146
872 329
707 372
167 1343
538 641
363 21
1643 1054
1029 10
1720 366
680 1385
1257 1314
488 894
410 1304
1306 1405
672 1474
820 1149
1128 746
1571 780
284 849
1298 1389
569 1061
848 490
1480 548
955 1710
268 438
1402 1645
271 1260
1717 98
104 1047
1261 1109
1445 293
1429 740
1116 30
708 1171
833 1164
290 1619
522 1397
1415 1350
377 1784
1554 1201
1000 847
2 1018
607 903
1460 888
93 521
1010 312
189 612
1582 988
796 1033
656 341
798 337
865 1630
7 1590
665 1698
291 19
1112 383
874 1319
832 775
1263 113
504 63
1224 432
771 1345
1322 1537
969 882
1046 1174
106 593
743 1038
396 1251
745 303
1686 932
1503 357
369 88
977 1516
671 589
737 854
24 222
234 873
1170 440
770 292
975 1563
726 686
630 1617
1247 626
1618 947
540 1549
778 1719
1665 985
512 1295
446 794
1376 831
864 479
584 1747
1621 738
442 1129
1534 1528
511 154
194 1734
1453 1067
1442 1262
807 1770
1393 340
1157 74
844 1059
1744 212
636 804
364 321
1357 1427
994 1290
249 754
283 1093
810 1502
499 1482
471 544
741 1475
938 1368
1175 464
64 1028
622 1761
17 1526
507 72
1499 1160
1714 790
1602 385
89 1316
779 951
650 1099
501 252
1199 972
1624 1532
403 1009
13 267
54 434
1403 43
1015 416
588 1215
841 1353
602 1279
500 264
335 924
205 32
644 435
1681 129
519 570
174 211
853 277
768 1431
552 238
1335 1495
949 1198
165 1379
1143 653
1229 1440
676 1748
82 414
1540 948
651 1178
621 183
1045 652
258 477
1758 497
73 1216
1754 339
1200 328
1601 148
742 1550
1148 1408
1305 1280
483 813
1569 812
1518 1504
289 916
145 311
1310 1558
331 144
1300 717
493 1781
135 1237
159 1462
1786 1791
993 838
409 643
801 1092
537 1567
870 1001
1014 1243
1272 302
828 533
939 451
573 319
47 1664
1390 151
184 379
1053 1723
744 1737
1016 480
950 965
964 922
1702 107
314 1056
253 601
1656 1191
149 1404
827 962
1406 453
817 535
419 1588
1768 786
681 1097
616 1338
1176 687
1646 1589
1635 1103
406 1777
736 224
691 719
492 156
1233 102
168 1687
1430 1799
418 132
1667 808
852 822
1122 206
1498 761
1286 1738
395 278
1616 1695
1693 921
92 428
1740 861
111 1463
1792 1005
539 1104
162 1721
887 664
1012 1486
487 1478
1398 1361
208 1614
578 170
1433 731
1377 734
1735 1788
846 803
1234 351
1742 236
1127 1584
166 1789
45 468
1725 1682
1204 1120
620 33
1421 868
907 390
190 460
758 1055
80 930
1765 1328
1461 1281
42 1663
714 26
150 1057
840 152
375 647
682 592
1610 632
160 532
116 1355
1581 310
1412 1153
1301 1048
896 1587
1651 730
78 1674
1613 1188
389 1711
327 1679
1071 974
805 1477
1118 1308
925 1485
1091 842
1718 181
103 378
1650 1113
613 1190
1709 1130
1268 899
141 56
413 353
387 142
912 1041
926 1254
547 1202
1523 890
892 830
646 1117
657 210
1424 1040
68 200
173 929
158 1329
752 386
942 18
462 1527
753 571
1221 991
624 143
207 524
917 1653
186 1564
1586 1456
180 37
71 199
494 1530
1250 1606
1416 509
784 679
654 360
1631 489
298 952
1622 1441
992 1496
1611 640
1241 294
1538 566
309 1628
1731 1638
1358 338
614 1147
1137 1464
518 1037
1206 727
498 723
850 1088
1334 350
1596 591
157 837
1094 193
990 557
260 287
814 99
713 760
1321 467
448 1239
937 95
718 171
963 1739
1259 961
720 368
1039 1465
1052 1688
1743 1070
1468 1194
700 255
1266 1134
834 1401
774 1763
1483 1225
1509 197
1337 463
659 606
343 1213
1136 748
307 427
16 421
138 667
219 829
1694 153
344 826
1114 1072
1790 48
1372 735
1340 482
203 1459
1258 1179
332 631
1141 685
706 739
1627 1159
1 0
889 1428
388 27
408 1325
259 476
155 597
587 1065
902 405
1436 637
1796 374
469 934
1291 514
1058 1123
177 373
858 1713
411 1676
1593 1324
1479 195
305 134
1449 1341
843 1360
1085 1654
1411 1524
1553 629
1318 675
1729 1371
1307 422
669 285
1226 1603
1522 1625
35 3
703 725
221 1210
273 860
1417 1484
65 722
534 1623
175 945
1095 1196
1068 1311
883 928
910 1506
968 454
1297 1561
227 94
342 1273
1797 818
49 1332
161 886
1132 450
436 558
1315 1131
423 732
772 1020
1270 147
1019 1347
976 214
1105 1703
595 716
541 1004
124 115
1022 599
77 918
1780 146
1447 121
1691 1741
172 565
433 176
1473 698
609 233
358 333
1492 248
241 1515
40 384
711 1391
1013 862
984 1607
243 315
457 112
279 304
1491 893
1764 478
34 38
240 531
635 561
15 1264
1235 1333
85 1180
789 1244
1282 581
1422 1649
941 1384
216 1096
1275 1030
525 1126
1267 1356
128 556
23 1577
125 769
1073 1511
1346 982
485 605
1082 244
1783 1396
1293 1381
70 443
554 1359
1704 1727
256 178
1450 1423
983 1753
1466 117
530 1387
1425 960
1386 1203
1326 1776
400 1597
733 923
75 869
1535 585
1161 970
1087 1192
1452 1626
989 1556
1214 1708
44 1519
401 1370
356 1069
527 1566
859 1140
793 811
1218 185
825 1032
1476 346
276 1100
1142 1542
979 1543
1536 213
288 867
1437 835
662 546
1521 1327
1600 1248
876 456
678 1489
816 562
326 57
41 1572
574 1197
1230 797
885 1172
39 122
1223 1042
1548 604
355 97
1557 579
1494 1205
1773 1677
215 465
4 577
458 663
1767 1633
553 1313
1508 973
1021 638
1641 1578
1106 1541
473 1634
919 382
420 231
391 666
299 1629
318 563
877 1144
1209 1779
430 1351
1555 1253
866 582
349 204
1382 755
232 957
668 506
639 611
101 394
1150 1448
1044 1219
1661 114
1183 729
914 1121
603 76
119 100
196 967
1685 36
1525 1701
520 1724
526 1647
491 1652
1166 29
987 105
763 1529
52 380
280 836
46 1678
1795 239
1265 773
1365 1077
1292 348
943 935
1632 1599
1673 824
809 1669
1605 1598
911 275
749 766
1193 1274
182 188
545 788
201 1378
1591 1320
705 1756
1135 1151
1299 1774
1575 821
1658 1186
564 856
237 1712
776 1078
702 1757
1732 1124
1084 1139
110 600
261 1035
266 1374
560 580
880 693
1245 1090
322 513
1660 542
590 1407
1640 1207
627 986
863 823
800 1101
1501 399
1705 515
272 444
1285 791
1287 505
688 1367
1520 1006
1031 187
202 262
1615 802
257 270
1008 229
1500 459
495 1580
362 1074
226 996
692 1284
1505 905
1697 1775
762 913
1187 282
1302 1469
1510 782
139 1240
1514 1081
586 163
320 971
1722 281
1472 1700
1680 625
1026 696
109 1066
1252 1049
649 684
906 1604
96 1696
228 1173
958 1755
1060 361
897 792
1639 1507
1138 1730
1154 1585
1212 1169
904 909
1552 1364
1366 8
995 1400
575 130
567 5
1666 301
658 263
1115 1024
0
