1800
357 586
867 755
1612 365
1185 596
903 467
1128 421
644 15
257 29
1408 655
522 1220
1484 404
1216 7
229 156
334 1388
748 787
1521 667
63 833
1018 1072
572 551
1348 262
150 736
246 738
439 447
1307 1200
612 1177
816 1781
1562 797
1661 476
618 1759
232 291
676 166
1650 772
800 86
43 1343
28 688
1791 417
958 769
1332 1700
965 614
457 300
1586 587
550 1728
111 84
1730 912
1493 852
1260 1300
1671 724
327 1058
168 855
959 1654
152 1625
1559 860
123 1081
1033 1497
841 1281
1657 273
1154 1032
1631 1458
1560 374
228 253
514 65
32 212
1353 1752
215 216
1228 1753
1046 568
1073 1758
42 621
224 907
1626 191
318 1020
610 464
891 1447
399 1158
1620 1577
645 488
809 1448
288 1403
311 1725
831 1639
1096 196
974 1111
455 1437
718 486
472 1762
634 469
767 238
1574 1029
511 648
535 148
295 336
1163 506
140 1544
953 1721
310 67
167 414
59 482
34 1136
1236 1198
199 359
1733 394
153 947
1775 739
1330 750
823 1291
424 996
98 1701
1250 57
1274 186
589 625
1361 641
1079 1736
1782 128
46 364
1357 1352
1787 573
1463 756
1360 1268
791 1600
1653 789
1326 312
538 1533
1529 969
1150 351
1130 1545
1731 276
513 811
1528 782
1047 663
1165 260
1666 321
1746 832
1677 1014
1371 1630
853 1134
1719 1137
541 236
559 1121
38 1358
930 412
913 807
685 299
1508 73
1737 1534
258 660
605 1112
446 904
1270 784
873 690
81 1757
346 1480
1515 411
1616 1006
1409 1152
1589 1780
1071 803
1710 892
665 161
895 115
1000 1486
36 1255
1442 934
1331 1093
609 381
99 1613
973 861
252 598
468 658
1285 251
679 0
256 489
1682 706
1614 333
796 1554
1748 1555
1440 821
850 813
936 471
1599 1106
1162 1339
526 702
298 1467
765 640
566 1510
911 1649
1275 112
593 697
221 1503
1697 582
1340 777
1232 157
992 1607
851 1563
1509 1598
383 197
1428 1664
548 1288
656 723
189 1779
90 62
653 985
1295 1315
824 1692
671 1099
1329 1174
545 214
1050 1466
1170 604
733 1783
1772 801
1126 461
1414 52
287 1435
856 275
1022 518
429 454
753 268
1114 1615
894 328
338 1402
341 793
678 1632
367 1754
1224 1334
914 1160
470 1672
1243 304
151 886
632 188
915 536
1082 1181
1727 1187
1335 1373
727 301
1069 143
846 902
795 899
201 269
808 584
1235 1504
1298 1003
1322 1755
245 694
862 943
234 1148
1404 570
352 363
1524 962
599 493
1584 1138
1519 1290
1634 613
1292 498
562 1078
313 1248
1611 4
1098 703
722 922
848 480
1297 400
849 154
106 876
952 1623
342 1485
1351 1120
227 501
1768 1766
444 1195
517 19
1146 734
1696 633
109 1531
834 1194
924 1665
368 426
45 30
906 388
713 271
578 155
1344 1488
5 54
356 951
1245 82
160 1273
1301 520
132 822
1581 122
40 1739
1479 119
1525 686
954 844
1005 184
1097 14
1667 937
931 1117
207 989
165 1346
130 869
968 71
208 745
643 430
172 302
235 1482
1597 1363
1690 1025
1785 1324
1429 673
1215 1164
190 766
265 1225
1019 1171
264 289
998 540
270 96
798 1214
935 556
1155 1280
1743 622
1201 1608
1517 1416
1242 837
87 1541
929 1498
661 1227
1202 944
615 485
1254 917
382 794
863 1552
1347 561
1381 1595
939 9
324 1421
1473 177
1460 716
220 281
1377 619
401 709
124 39
1341 445
1278 1265
1090 1593
1333 918
608 1788
581 494
491 1095
206 1790
41 628
577 1325
695 1223
1109 585
1425 407
1368 354
1686 1610
35 1350
1799 1317
53 1537
1193 1036
1229 120
887 955
93 1304
990 473
1644 1777
649 966
178 775
463 740
957 1556
1180 1089
297 280
60 682
742 1549
1461 3
500 1008
1765 760
1055 1132
963 1031
278 1729
1674 1668
595 121
1741 627
205 1499
1239 1337
1496 672
1526 1027
552 527
12 475
1659 1457
133 437
946 141
466 371
854 883
997 1059
961 762
1387 1355
1693 1035
1687 870
868 923
564 138
872 1013
1319 1400
91 925
331 976
1015 1688
70 567
1039 1656
1490 237
1523 405
279 1026
259 792
419 1103
171 1516
746 741
516 543
24 1178
1771 1604
970 799
1579 1740
708 1572
366 1629
1628 353
1778 764
987 1514
1393 763
116 97
384 283
1398 1532
1784 1251
1582 1698
173 431
326 1218
1796 1176
858 948
1151 893
100 1149
1542 1048
64 942
1323 730
425 1547
1375 202
1276 975
761 1505
1405 529
1389 1655
1635 44
1706 95
817 1044
714 1188
423 1557
1261 825
1694 198
1749 749
1122 636
664 1622
89 1308
1492 1472
1471 474
16 1513
1704 1575
145 185
662 558
389 1094
945 1681
1153 347
1564 1
698 565
1139 1543
591 27
1685 1434
669 1253
1064 715
1538 1294
1418 158
826 316
317 219
830 113
1540 616
149 1568
1689 1222
440 378
1203 689
1717 1238
1590 1009
1051 1062
225 55
1336 61
983 1651
781 231
370 1049
76 263
1318 804
139 926
1267 1636
502 1264
670 980
1104 583
75 602
495 1648
1470 972
1640 56
492 375
812 240
1722 523
1080 1707
323 1596
530 194
1092 590
1259 144
1663 1258
1603 1391
1221 1410
725 1558
1420 104
770 1430
68 1075
1240 1423
780 1349
1172 1673
504 1702
10 1085
1436 1426
484 146
1002 1500
1468 874
306 1342
1703 1156
8 845
1217 117
1289 1269
443 320
1627 710
743 827
465 48
818 1386
272 360
1282 1769
1107 164
395 1359
1041 1462
1074 203
1705 377
403 1474
479 1219
580 22
432 1530
1477 1011
1760 142
553 680
1745 1313
1522 901
107 458
1204 438
267 759
1662 282
882 735
778 1183
1192 859
244 1186
217 397
888 840
1140 836
114 69
1175 170
1483 409
1293 350
1431 183
512 920
1465 1091
1438 1580
1415 379
174 1676
179 1553
1734 1570
820 1208
101 80
390 654
1789 1038
1774 137
1191 1385
1718 815
652 994
1316 547
1660 102
413 1601
1314 771
1182 1451
964 337
1592 1469
230 507
1277 635
1617 1100
72 1179
719 1464
1365 1444
1212 977
1502 1369
515 1708
847 546
885 683
134 829
908 322
436 1489
563 711
329 1105
1715 406
254 712
1376 1244
810 1401
995 982
1406 1795
647 1021
1675 344
721 1023
339 790
481 1506
1380 233
1305 1370
532 25
1566 637
1751 136
1115 21
187 305
1196 1645
1539 1454
1157 78
159 534
1060 1794
1770 13
900 496
1001 1354
422 611
884 1356
1602 1578
1494 588
315 1761
1587 1131
889 525
700 391
1395 1125
210 372
629 909
1070 1190
1619 508
241 398
1129 127
927 677
325 1338
1711 487
1723 814
776 358
1481 1230
617 751
294 1441
1043 1407
293 1383
1272 509
1197 1699
1624 1797
135 533
646 842
802 1417
786 462
1536 1056
1548 916
1453 416
335 1397
1061 1646
83 657
549 1374
524 181
393 921
118 624
717 1287
88 639
1647 1392
1257 1110
223 1118
687 1396
754 103
385 752
1145 355
940 248
163 247
452 805
108 1119
554 960
1735 783
594 402
1792 1266
209 361
898 1241
757 250
1716 938
420 1037
1124 1101
1641 1764
1709 1310
866 26
456 1443
176 1379
442 1712
74 729
1747 732
875 666
1565 597
1271 638
1798 1045
1419 1168
396 881
345 1527
373 1424
1108 933
1067 211
490 483
308 1449
6 704
731 991
1750 1017
200 1476
1767 1077
162 1732
988 1209
838 779
1591 880
1384 110
1495 266
1213 449
195 579
17 1773
1199 330
1618 857
451 1010
1518 871
603 1249
531 1412
879 1713
785 408
47 1173
606 392
1520 1086
999 1478
343 1456
1546 828
1606 418
410 125
1776 1684
1211 1116
1633 979
1669 1742
674 1609
94 1422
1144 650
131 878
864 1320
692 1133
896 659
560 435
180 37
1507 1433
376 1054
1052 18
1066 242
623 1053
1226 369
1427 1189
1695 92
897 971
1302 1205
1311 1030
1328 11
477 693
835 386
696 1445
521 387
1299 890
1012 1233
1207 448
941 1594
574 478
1576 1076
773 949
1652 1127
681 1366
1169 701
651 758
510 1459
23 505
967 630
1714 928
544 1678
569 626
699 1167
296 1210
1571 415
226 1028
1161 218
1087 1551
1491 1744
1345 1159
303 147
79 620
192 1141
1231 105
981 1475
427 631
1691 175
1296 1756
1455 537
1642 737
1016 193
349 1024
1042 1726
290 1309
668 1279
1439 1088
707 600
255 1413
1573 1378
1724 433
1113 1102
1007 542
1364 1262
1143 441
1637 428
1487 705
984 956
286 1083
919 129
450 819
284 1583
728 319
277 910
1680 839
788 1184
309 285
1605 1004
571 222
1034 1382
1670 1638
459 950
1372 2
1166 434
239 169
1303 1283
642 1135
1263 1399
877 1511
274 528
1450 1588
1123 1585
843 555
519 1561
557 1643
332 1147
1362 243
1057 539
1763 182
1234 1452
85 932
1446 1683
348 576
261 1206
684 453
1247 1237
905 1738
49 691
720 1256
340 1246
1065 774
768 744
1679 1321
58 1569
1142 213
607 1252
292 806
50 1411
20 1068
1501 1312
1306 1550
362 575
31 33
499 503
51 1512
1567 497
314 601
1786 1720
1394 1432
126 865
460 1535
1063 726
380 1284
592 1390
1793 77
204 1658
986 675
66 978
1621 1084
993 747
1040 307
1327 1367
1286 249
0
