1800
1402 630
745 1787
774 1048
1329 784
1148 477
765 549
872 1518
783 1189
1538 84
1330 874
1190 661
923 1088
1667 504
1277 1021
1628 1139
1569 849
586 408
501 114
161 345
538 890
1264 350
20 1513
1304 951
974 1074
194 1527
1515 917
1145 1396
48 1616
420 1777
1231 812
1749 764
226 963
348 807
244 1075
490 1456
109 687
1197 1099
532 712
1133 853
383 1675
1170 707
381 746
877 1199
1684 1029
95 902
190 999
1733 1630
155 594
952 363
157 644
134 639
1147 1369
768 100
1312 845
340 941
1303 1308
206 685
748 944
1562 1665
1219 183
946 1638
1035 1078
934 938
186 1005
1155 1077
548 279
1548 1137
1024 399
472 1115
249 1163
1702 23
1537 1407
1500 61
1365 1009
252 778
57 195
1350 1082
1495 1654
108 1107
307 1403
41 285
79 1220
104 772
824 1245
507 59
388 105
360 1650
1758 528
675 160
1046 1778
182 931
382 1632
1468 118
365 656
579 975
793 555
1473 664
145 96
618 314
1098 1246
637 1253
1743 1788
1001 400
122 920
1276 1413
364 1381
27 1584
170 1430
1036 899
229 803
1265 1388
124 1508
32 1340
916 1043
752 1429
800 151
471 836
1251 1418
175 1510
868 257
1081 888
294 1410
517 1671
154 72
972 397
264 732
1180 943
1384 516
700 3
1010 93
492 1437
310 1136
1039 602
1408 697
742 484
827 1045
998 1370
1284 1328
1688 1367
1582 421
1298 683
909 722
808 1509
1773 758
142 480
1661 496
1316 1171
221 1483
446 462
466 723
623 1355
303 1
1710 1543
1776 1398
818 158
38 1759
1682 965
1713 218
306 1780
255 1150
223 677
1411 488
402 1263
1753 1140
116 1023
1117 119
1228 1643
937 1071
1364 725
740 1173
1390 1492
1619 519
406 1151
1092 67
149 248
566 702
1234 1397
601 1352
1590 1709
1767 198
237 260
1008 535
265 290
1255 1748
282 680
275 1391
1106 1177
1353 1461
1181 193
1591 1715
1662 1294
763 146
871 63
949 270
1113 30
143 1392
1152 1459
181 121
1399 491
401 1793
760 1522
540 1179
9 448
414 892
1101 955
819 537
577 985
1283 208
1109 632
1307 1310
70 750
197 28
1322 651
286 911
964 1742
220 835
1606 863
1736 539
1313 126
219 873
991 575
1441 68
515 1712
1295 672
843 1559
867 1118
809 864
710 445
171 1706
1769 1680
1440 971
861 1319
187 1784
1087 724
744 1215
1651 180
782 910
973 432
1566 953
1636 1791
1615 822
813 1597
1305 80
1496 614
1331 766
69 1212
1195 212
1526 1175
1073 728
678 1600
169 1465
1551 741
988 1314
684 1100
167 621
35 483
311 415
1760 729
422 1685
1102 643
865 1579
1020 1044
465 366
852 459
291 1421
1718 1389
607 231
1207 454
71 705
805 1360
1491 1121
356 1258
85 1103
1765 24
232 1433
1272 398
1424 1368
1751 1056
77 150
148 893
1128 1018
655 1574
1720 859
89 412
53 1655
789 619
369 12
1153 1436
262 391
886 645
950 693
1507 1129
97 292
1717 1093
1612 127
1247 613
648 1300
1505 1053
258 1624
1581 1159
442 1059
1072 367
403 714
1558 322
815 37
349 1659
1447 1372
112 960
921 1490
654 241
1578 166
128 1296
443 1060
756 981
1286 638
1419 1795
966 799
1694 1126
896 1739
387 1764
666 120
1426 570
854 869
453 850
1653 1482
900 1302
1287 572
1448 22
814 1442
513 883
335 1289
87 133
1120 545
1781 543
905 942
1154 1090
1792 581
1327 426
878 1200
1334 993
1761 954
1417 16
738 984
327 370
597 323
130 848
76 1288
553 1166
1786 1162
256 1521
679 658
330 1782
1085 162
562 1002
1546 979
1532 1028
1306 18
1514 582
1563 1639
571 1138
1164 1112
54 42
176 300
374 1754
338 1214
1067 1779
1401 634
1038 1089
489 1552
1416 1431
1557 1714
129 1221
552 1030
1203 1211
906 1377
755 983
669 98
1587 1201
1124 847
94 102
439 11
1583 1345
779 696
1646 1339
46 1420
1225 1724
1000 1444
928 1292
611 1202
1256 1721
735 585
267 1291
795 1794
1531 518
317 1599
2 1432
10 1561
982 743
1226 550
887 1070
1545 1696
595 922
1094 1666
833 806
529 152
1480 1387
1523 1746
1726 1193
620 686
111 1618
1194 1380
14 427
201 1455
1422 1699
1799 316
1132 907
715 1108
926 1066
1378 392
1213 856
977 840
1174 434
188 315
1320 544
184 1184
1540 1326
73 670
92 431
329 936
1186 1608
302 1660
876 1466
1755 136
959 486
26 1613
695 1589
734 522
1451 1445
1301 1757
933 1474
468 1097
1337 357
277 33
289 609
1299 794
682 269
1428 407
882 1105
56 373
478 1017
1672 86
1585 1741
1176 839
139 428
1550 1524
438 225
1516 135
354 1774
828 1031
525 698
125 394
694 649
1183 987
628 1269
1240 647
332 312
308 1032
770 1644
1266 1342
1747 233
476 598
283 1475
567 514
1738 1346
343 177
956 331
1371 857
1022 1344
773 99
757 901
1637 523
247 268
1763 470
378 481
1488 536
589 333
580 319
1187 534
474 556
708 165
1610 405
451 1497
1750 791
674 1464
816 91
377 1110
493 238
304 506
590 737
1324 1165
1257 246
574 263
1775 81
1564 191
842 1453
355 318
1460 1347
1568 1325
1745 1361
211 1629
995 1463
325 352
1282 281
52 1335
908 45
456 1797
1321 1785
1135 554
1652 925
706 200
251 703
276 242
1528 767
622 1567
88 957
1677 1374
1708 1259
1250 576
520 440
436 1209
62 131
273 1601
31 1602
1379 1596
1519 1452
1541 417
487 132
1658 927
508 1697
457 1354
1668 1270
880 851
423 1617
1116 533
1520 342
1728 976
1049 441
239 1493
894 830
727 50
499 785
1676 1479
1458 1172
629 344
736 1052
1576 90
1034 361
34 498
21 313
1156 1178
278 1122
691 153
1323 1006
1472 429
961 681
301 1336
1341 1061
1722 1091
1484 610
494 1423
202 1273
196 1703
1539 1719
1707 612
419 1529
1161 1104
844 117
1498 1405
371 123
912 625
298 1530
1604 1233
1435 970
1595 1570
1262 179
253 305
1641 561
1047 189
204 635
168 110
1068 101
1033 606
1281 505
173 1704
444 393
1062 209
1649 1642
860 1692
271 320
1737 1511
1125 564
1014 1542
1373 660
881 1544
1691 15
1012 1395
771 385
469 811
452 777
1054 1261
1481 1026
1357 1309
1280 673
479 841
699 214
1238 1248
790 216
1168 747
1343 259
1716 730
739 1232
526 430
36 1131
1674 17
676 272
463 542
485 1477
1790 1069
1689 1252
1588 1076
1095 524
7 1237
1533 293
967 324
1730 217
889 1683
1771 761
616 1434
1449 1770
599 667
1222 358
663 720
1242 1740
1572 1230
568 1224
1565 1635
587 510
918 1476
1695 945
334 51
287 1446
280 837
788 558
885 380
351 627
1057 1626
1096 1575
915 1385
404 1196
1536 1210
1478 1267
299 1217
798 646
1271 721
224 1274
1506 396
1534 1003
1485 29
1577 751
1555 1762
642 914
1593 1723
1409 1167
497 1007
1798 704
716 288
295 1394
968 1633
203 106
341 296
838 1406
379 1198
668 1279
1547 1732
1494 1725
473 935
862 1504
717 437
821 1686
512 207
192 411
797 1386
1144 1512
500 1556
164 1351
1244 992
25 1363
66 1227
1640 1573
4 719
749 1734
626 1705
83 546
1783 591
989 1625
1041 1127
235 163
1359 875
1192 1690
588 159
372 1149
826 19
1768 409
817 284
947 1621
1027 482
435 185
336 1656
1489 1114
897 1553
210 502
1669 994
1687 1119
1735 1467
230 560
1191 1040
240 624
1317 1158
362 321
390 1185
671 1499
1789 829
541 1594
74 1502
58 1525
1037 243
1080 1404
1766 866
215 228
395 138
650 384
615 1188
762 1243
1427 156
1205 1382
49 1169
55 1664
82 433
1015 787
425 1216
1471 583
1772 557
1457 578
895 1412
1744 339
0 1598
75 475
447 855
1278 1318
530 640
503 1450
659 1229
222 1130
969 1050
1383 337
236 919
1678 1425
1239 1236
509 820
113 458
584 1592
386 753
879 1681
103 1711
1756 234
418 547
1487 631
1503 831
1297 521
1084 40
1311 1586
617 633
410 1004
786 1375
1051 1645
107 1235
115 948
904 1285
8 1414
1752 1315
416 692
1796 551
1554 563
1647 511
1042 718
44 652
1025 689
527 997
996 464
1338 1605
1348 1462
461 858
1055 147
353 958
1693 467
662 593
1535 227
376 43
1290 1123
940 657
986 368
962 1013
140 604
1064 801
1486 455
1393 346
1443 254
1134 929
1083 250
1349 1622
1501 1260
1332 1079
413 261
1727 726
870 1086
137 832
1700 1631
141 1469
605 1611
1160 1698
375 64
1580 891
573 1729
78 1016
846 608
924 389
713 780
1470 898
603 636
1142 1620
1560 1670
978 326
884 559
932 1607
596 653
6 309
1275 328
1454 1731
776 1400
495 754
711 178
913 990
810 39
1549 1609
1223 1701
172 709
804 930
1058 1663
792 144
1356 47
450 359
665 13
781 1065
1439 1657
5 769
1011 641
1206 1143
213 531
1679 903
825 1157
1358 1111
1362 199
1254 1517
1204 449
1415 731
1218 600
1623 701
1376 1673
569 205
347 266
796 424
460 1648
834 297
1182 1438
1366 759
775 1146
1634 1019
1571 1627
1603 1249
1208 939
174 1241
565 1141
60 823
65 592
1063 1333
1268 690
274 980
1614 733
1293 245
688 802
0
