1800
647 629
814 678
382 1221
215 1318
596 962
719 552
928 1244
1517 1745
1297 303
423 1056
1682 1085
1092 143
1676 1007
640 950
899 1673
257 849
1652 50
1786 1793
1373 340
1755 1484
1227 411
355 1546
537 1495
1051 307
271 418
905 1625
885 1422
1736 845
57 1332
1705 1017
1147 1184
821 1224
127 746
1541 1468
1419 1120
1340 1780
1794 1432
898 93
1542 1796
810 444
1459 579
560 517
150 688
387 430
505 1358
202 1778
1650 958
935 115
545 784
300 1590
1689 620
356 315
119 262
1709 1658
913 1075
116 1205
1470 298
427 1055
963 438
1540 1099
71 1069
1196 1445
1131 232
1732 1312
695 1715
390 1640
1740 1169
69 1460
11 1471
727 670
611 156
1130 469
1072 1747
1137 452
1259 1624
1060 267
233 911
1582 1086
1539 1326
875 665
1001 89
1094 504
692 1207
901 809
1679 990
1481 56
1395 252
726 31
1777 775
771 1180
172 63
652 754
366 628
1173 1763
1510 892
477 174
122 1750
936 403
1048 247
558 277
369 108
293 812
708 907
583 925
446 368
1341 1370
800 710
757 151
76 538
1216 761
817 1380
1117 1012
223 660
348 625
1141 385
1049 1512
1151 380
1399 1374
900 942
992 498
1179 973
1015 350
1192 891
1703 1136
493 286
1472 1551
284 718
703 930
855 190
723 971
742 1206
1033 1634
679 471
248 603
630 979
1500 45
859 989
606 1314
1176 1389
1294 1396
840 677
933 365
1641 755
915 1123
1317 1418
377 540
1688 824
70 1197
616 440
442 53
466 253
510 984
1338 1586
512 454
1029 1553
802 342
1635 1639
216 798
175 788
1737 1581
1668 1175
597 1683
1074 412
977 1269
324 1566
1296 1785
851 1401
88 1160
1011 1555
1662 160
395 571
344 716
637 1321
482 261
1694 1503
667 425
422 1565
1310 759
176 804
1372 1324
1084 895
449 1032
705 1264
803 865
13 674
1691 811
374 27
1489 1
409 263
1741 1622
916 256
1659 1188
192 237
1367 1680
889 372
1752 1403
852 1241
317 1203
1138 159
370 1568
60 1733
1409 96
1005 776
1189 1234
373 349
258 1587
1349 1025
445 279
296 1044
1545 337
632 433
154 18
472 1378
713 1425
698 506
614 274
234 92
758 1280
722 98
619 553
1233 384
799 613
158 1543
807 459
645 339
592 1627
944 1637
1348 54
378 1511
22 644
213 641
1742 123
112 1008
437 569
47 260
1274 993
94 740
275 871
1414 720
869 1308
563 1461
195 1279
926 306
781 1527
1507 305
1764 1563
1686 1537
335 1719
1410 10
183 1295
451 1476
1413 562
48 410
25 264
146 2
447 777
1339 1473
1508 1516
1465 354
117 105
1287 1631
1407 694
1103 220
575 1242
1177 607
1612 1638
1765 1664
198 1223
1156 1583
239 140
896 801
214 1248
1456 104
951 1695
346 1306
42 226
6 927
567 1494
15 1588
574 893
1666 359
1343 1108
862 931
1127 1139
605 918
1319 1220
1601 79
572 995
825 456
1623 465
1463 796
1521 301
1093 1083
1493 1301
1336 289
1451 1159
280 729
1067 820
177 790
617 1525
1307 530
890 732
200 715
1729 1262
142 1126
1198 290
526 1791
205 1722
1268 1797
1342 1105
1614 1229
144 1667
1702 1281
1474 615
721 1574
543 1557
1303 1630
1002 46
67 1300
542 331
532 402
511 87
529 1427
302 1327
224 699
1580 1677
1195 1059
872 704
1446 590
1421 97
1293 1302
850 1183
312 341
582 656
41 111
1255 903
1467 559
1598 272
1436 196
152 1749
1523 1219
1753 856
1042 1235
1286 165
879 1359
634 684
874 1648
1363 520
1164 185
1482 976
868 1569
1415 1010
222 591
1536 1371
1636 548
1502 700
1368 1121
816 16
1466 835
1571 1746
163 860
1174 37
1433 311
1609 554
878 870
1711 1693
1161 831
753 661
725 426
420 1633
463 434
404 1208
68 1346
1272 1023
460 1626
1744 1098
1116 246
1584 524
1408 386
1769 828
1350 32
455 1573
1499 1144
1420 1275
1789 64
782 1041
1578 972
1724 648
21 1082
1687 278
1518 585
169 599
745 1357
948 1478
496 1632
351 1047
791 1606
1431 690
1513 683
61 481
1201 1172
1335 908
1325 1684
1149 155
238 1388
937 242
832 833
570 837
1062 250
297 818
450 737
1621 81
1642 1204
1549 1020
1076 1068
1430 516
1799 478
1037 1651
1063 1134
367 474
955 1594
468 251
1575 1783
1585 522
1681 1390
35 1544
906 1247
1775 1079
1202 843
1448 8
711 1361
254 1178
649 1394
1158 877
309 91
100 241
1003 1320
1021 1398
748 952
1429 1718
1657 1743
1738 1455
1353 864
28 1222
1124 1328
208 36
724 164
1330 671
1665 1602
1212 1628
1106 924
1230 1758
1735 1118
940 5
375 1643
764 1766
1311 211
943 415
600 598
137 1550
336 1450
508 181
1245 135
399 706
793 55
49 1187
1006 1504
659 1505
960 858
118 1699
751 863
1562 75
457 1672
689 544
1509 1439
1291 84
396 113
1000 594
1009 945
26 953
489 3
148 643
806 1054
857 1036
500 923
72 568
1670 413
702 338
882 1798
1552 1619
1384 663
1226 1345
912 794
1354 1078
1101 1058
1560 1649
519 167
1710 435
30 815
612 1239
1344 956
1760 586
1603 1731
983 266
1313 883
1236 985
1261 920
414 785
844 1654
194 1356
1597 1757
1611 1391
273 1387
1352 808
894 1435
1759 608
229 1751
1211 938
1773 168
1708 1526
310 120
507 861
1605 464
987 1132
492 1365
1258 265
1129 7
765 822
299 1475
180 1782
1145 1685
1191 1271
1231 888
1400 685
52 401
502 602
646 389
1057 1416
756 961
881 1104
1035 1762
991 1016
1520 95
178 376
589 731
322 1570
494 1479
974 209
1218 243
424 941
1647 975
1768 33
429 1331
333 1629
1034 1618
1725 922
1265 541
1066 733
1572 1111
1110 1393
1278 4
1514 847
109 743
1316 417
86 1756
642 957
479 171
1534 1334
1404 581
773 1087
431 381
1397 1288
476 735
846 1112
1701 1292
483 490
1599 1696
1050 9
294 1656
1423 210
576 1405
1784 320
654 714
657 527
1561 717
968 1284
1115 1238
1157 1444
1426 1721
244 358
364 173
1228 1524
884 268
1645 1024
1772 1031
1788 623
99 536
1728 138
1739 314
78 621
1660 1052
528 1027
1045 1152
462 1424
1442 783
1028 795
1237 1617
361 1713
627 400
124 467
551 1596
728 189
772 531
1532 1528
90 779
230 1453
1730 1309
470 1663
259 1146
1277 1386
34 1428
1567 1770
225 1186
1485 909
1199 1698
316 1392
1249 1018
439 1655
655 1417
978 787
1267 997
1440 186
1026 162
136 1781
618 1487
448 580
23 1100
184 1194
291 82
405 1135
276 1155
334 1166
549 1355
1210 1692
760 1712
789 39
969 587
1337 432
1070 19
1506 1148
282 1576
1040 353
1081 131
443 836
1097 1406
1022 750
379 326
1533 1153
1256 1600
573 1315
357 1447
360 768
62 813
1382 1564
1706 658
1122 486
819 1515
1263 635
134 503
834 1185
1704 325
1181 910
914 110
292 193
534 1253
525 1290
441 1251
1577 919
762 1096
738 65
1250 319
397 371
994 1170
1678 1193
304 547
1483 1080
1243 1441
255 739
1004 1142
1240 1486
129 145
204 1252
839 550
966 556
281 179
650 1225
734 1046
1443 38
398 1589
1790 1734
484 1364
40 58
681 221
902 672
1053 1522
161 416
1595 20
1283 139
1437 1477
1531 1795
391 128
419 1671
1379 287
308 964
664 1217
946 227
1088 622
12 736
323 830
609 207
588 624
947 1767
741 730
1013 121
998 848
1490 633
206 1464
518 1488
1209 770
593 1366
749 201
125 270
245 480
535 199
285 1748
1282 1646
1457 1163
1644 687
1270 561
1675 187
421 1519
318 1610
0 295
1376 133
1592 752
332 682
691 1260
1787 1548
988 126
1167 1554
792 1162
651 823
921 662
521 1462
1558 1607
321 153
970 66
394 1071
513 107
1402 786
182 1720
203 1109
1411 80
1113 676
495 1214
1043 841
1213 932
1133 1039
826 1107
1723 1168
73 453
566 767
475 1438
967 147
565 1615
44 949
1697 491
829 1491
228 533
1727 166
1452 766
747 1530
388 707
328 1143
1498 584
1434 1215
74 880
797 77
1690 1385
191 610
515 986
149 1150
853 876
744 1449
626 557
1714 235
1669 578
1383 102
675 1298
842 712
329 1579
1305 546
959 539
1469 774
1114 982
1774 1090
1492 1776
669 170
954 1038
929 1458
904 638
283 345
778 1089
1289 188
1529 408
51 85
981 769
1779 866
1616 485
29 231
1351 1171
639 1014
1412 1030
1591 352
43 827
197 631
696 1547
1674 780
1304 1360
965 1792
473 1497
407 763
523 697
1119 1091
240 1538
838 1065
564 934
854 1190
499 1593
1285 680
1061 392
1276 1095
555 1717
1726 428
939 1501
1266 393
1771 1754
1154 219
249 487
666 1073
1182 1077
1707 217
1362 157
1140 1559
1761 1347
362 17
917 1604
1556 130
1613 343
873 668
101 636
406 999
996 327
218 1322
24 577
653 897
1329 1200
212 461
1232 1257
458 805
106 288
1333 673
1620 886
1246 509
1716 1496
103 14
363 1273
1369 1254
1299 436
1653 1661
1125 1700
347 236
709 980
269 488
330 383
701 867
501 83
59 114
1480 1375
1165 601
693 1535
141 1064
497 514
1454 686
1608 604
1377 1102
595 1381
132 1019
313 887
1323 1128
0
