1800
1579 501
1142 1040
837 5
1512 186
80 160
424 1199
172 1429
1155 708
928 1136
597 1288
1555 1172
676 1657
90 1269
1444 677
568 642
430 1361
844 539
493 407
494 1122
1783 1715
325 1672
1629 1614
1115 1667
431 1212
562 106
289 611
580 1191
330 364
1262 823
1211 1731
445 974
490 179
370 1205
1726 951
10 1220
397 741
253 1000
1277 1529
1656 1345
143 693
1581 217
1588 134
850 983
1124 620
425 58
855 1402
1376 352
894 731
1496 785
1659 1549
719 884
1200 612
138 169
1513 280
1291 1057
310 1300
914 659
547 975
1021 746
439 1682
295 26
1737 1139
544 758
113 1119
1168 285
1099 1133
1034 1299
1548 1519
913 93
1501 1504
613 856
227 783
1316 346
651 452
1137 1281
793 206
167 304
628 1335
338 1030
1054 1240
101 1238
1302 1304
873 399
1140 359
155 1538
1272 790
1750 402
1627 284
813 1138
142 549
150 414
1330 1485
955 15
1410 1721
1686 1370
1755 384
1181 240
1092 1280
1467 1048
869 537
74 1767
127 922
1771 1573
1218 1701
1339 1373
1089 202
1355 327
1005 1752
13 1385
389 763
1255 1046
1408 554
459 1760
1411 1773
634 137
956 119
726 1141
907 1276
1675 437
89 593
1103 243
1242 1194
226 66
1204 1734
965 572
1379 1436
1421 1391
520 949
1235 1151
891 194
1225 326
213 1499
601 1006
1325 738
52 1019
259 1424
1109 98
1697 103
1505 1662
1625 1295
1617 356
691 1059
235 1605
1184 946
523 533
96 56
1417 33
1437 569
1135 454
1534 1700
486 794
1741 644
797 1305
248 508
20 835
577 1740
463 171
1365 403
71 214
778 1413
485 772
1593 314
629 390
405 723
441 527
433 1403
647 129
62 1068
61 637
375 1176
1206 1143
1695 1174
1283 460
264 1425
442 201
298 948
1342 219
1570 1733
250 608
779 183
82 509
482 64
943 287
195 1125
1478 1689
1761 1383
903 220
1260 1290
578 871
1063 1263
448 398
1462 1502
1322 1589
1042 1601
164 1727
1396 1563
720 228
1036 740
1202 1623
1070 1102
239 1471
1746 1234
511 197
1448 477
1788 615
1532 729
910 412
675 1183
1644 1401
764 1665
126 654
522 1069
260 904
776 997
1723 1641
1311 1336
993 526
237 736
531 1349
1229 1329
324 1321
383 1694
123 933
1654 908
247 621
1017 789
558 196
100 643
73 1705
86 152
1769 1616
1368 355
1265 1047
263 1456
1050 1736
1024 1628
1157 23
391 1440
1049 792
801 658
498 1470
1531 1147
524 497
1568 427
1279 365
1169 170
1475 592
290 609
874 1111
1418 1600
591 722
1292 1719
148 210
1453 261
1371 1542
1354 256
1189 1546
1083 986
473 337
4 937
323 470
1492 1785
1435 1003
1658 971
203 1729
1595 1007
979 1509
839 1482
1170 1612
1668 786
1632 366
281 1023
65 102
92 575
191 254
128 1494
868 236
1266 347
132 1043
1431 517
231 1711
271 1566
618 484
1637 339
1604 1259
121 678
1104 312
1597 488
1497 294
1346 273
413 727
367 966
353 859
180 1774
446 616
941 1097
1285 1195
548 1528
421 428
1594 1287
1254 44
1120 212
760 190
166 939
771 420
1372 1091
68 1123
286 1110
1222 1590
7 272
1214 269
633 546
1108 901
673 394
1275 912
581 1703
660 198
680 1395
1117 204
320 607
1060 1613
883 947
645 1639
57 297
1031 85
411 130
682 845
1725 292
145 900
936 279
1384 668
867 53
1764 1643
495 1472
491 1572
334 1286
178 377
830 1582
91 480
176 765
988 380
768 550
1196 930
1676 800
447 977
419 849
1619 1088
1221 816
1062 852
1585 1216
354 1029
475 687
187 707
1704 1777
245 519
1671 373
959 698
426 1207
1747 924
716 1491
767 136
921 265
712 1041
838 1251
205 1489
507 827
1636 0
1550 1308
842 1685
1707 1353
885 996
1787 307
1309 514
559 1358
732 756
973 1477
1445 1730
952 336
818 1038
1710 1633
341 363
1775 453
553 516
1717 932
483 464
1463 1574
1660 1793
1106 1004
25 1173
560 1745
1037 188
938 1517
696 1631
1256 60
30 847
1415 503
1002 299
582 1326
1564 43
724 890
147 638
1161 515
1186 472
1073 822
1090 1422
1404 1224
174 1381
623 831
1190 880
534 788
598 1369
666 410
843 624
1084 2
777 395
1011 465
1026 1770
1735 125
1591 1718
293 690
1301 828
1559 1488
1338 357
1116 382
824 1171
1362 1514
321 211
1782 1149
1560 1493
1033 1457
1762 1649
499 1511
541 1728
1507 587
669 920
122 1724
1638 241
115 762
1525 1461
635 266
14 1784
396 1558
185 1547
282 216
1356 1433
1481 1012
1416 819
817 435
730 804
78 911
1647 1098
1080 1241
625 1683
1198 18
165 41
718 585
605 1796
1055 1144
656 108
751 1374
38 851
97 962
87 1684
192 1569
981 812
999 1016
748 759
699 521
1071 386
120 709
1082 1268
1236 1751
574 1552
589 872
111 35
1014 1390
1596 1009
576 958
683 1798
193 118
1503 1480
1400 1359
257 221
667 1134
1313 1518
960 316
567 476
1363 107
796 1691
863 46
713 1540
1377 906
1791 302
1306 697
702 631
177 1412
692 55
721 505
1118 303
836 1428
133 614
153 504
770 1351
715 671
1148 970
1523 422
799 915
1438 331
811 218
639 1077
935 1209
19 551
1233 1093
1743 140
1239 9
1284 1312
1622 889
1419 1010
1013 761
1702 821
358 489
1153 1696
957 1789
1423 535
1557 1078
173 791
1179 750
393 525
184 1289
1699 542
378 371
1340 1065
1650 1630
1298 372
1500 1310
1450 1634
474 865
896 1215
1554 244
1608 1095
1551 457
688 1646
665 1327
1439 704
462 1664
466 8
917 434
1674 1562
1230 780
345 1159
1651 861
1348 674
151 664
1615 775
1067 1127
641 846
1337 1350
875 28
1324 604
1323 1058
1175 646
1739 728
70 809
1079 429
540 1032
1598 458
841 1794
870 112
745 1025
110 1584
1278 1113
529 238
406 360
735 1344
368 67
1237 1455
309 876
275 1490
536 632
929 954
1364 1487
1328 1442
1258 369
1146 1227
711 1526
162 927
481 1360
1680 564
443 781
379 1473
42 832
388 714
1772 1250
181 1156
1799 752
105 487
1185 803
1072 12
423 409
1434 1779
1720 617
798 972
39 1347
1166 1537
649 603
54 556
1397 886
479 1754
1274 1666
1257 182
545 963
701 32
1249 24
860 994
984 222
75 1367
985 1129
1053 1085
596 743
1130 1271
278 318
877 1282
1244 1599
594 1081
619 1128
1027 964
1154 992
1178 552
161 1407
124 681
513 1592
63 344
600 306
258 989
416 1587
77 1366
1606 317
109 1398
69 570
1602 787
754 1706
1066 144
329 1164
1394 1223
1460 79
500 1561
749 627
571 40
72 538
1343 469
784 599
1479 252
1064 99
1293 1541
1465 1245
1635 94
833 270
59 450
1352 1022
1334 1317
159 967
1015 652
1248 655
853 1296
1100 322
1768 1544
48 1087
595 1474
512 1451
1107 1744
1553 1766
829 1449
902 496
898 1392
456 610
27 755
189 349
626 1094
1454 34
332 451
805 588
1074 662
268 1716
518 670
296 305
909 887
1476 1203
1387 1530
1712 1314
1273 315
769 1267
274 417
1 1426
1535 563
17 1388
982 88
879 1495
968 510
175 1152
1698 1132
1742 207
1780 1318
1035 717
1607 1446
1008 1101
1028 991
881 1167
404 135
1228 1688
199 251
1522 1201
1406 689
1516 117
925 1320
1778 864
878 6
663 1264
1096 586
774 1331
1188 267
866 232
1655 348
1713 1758
1217 255
291 916
766 319
1226 1468
1045 249
1709 684
953 1648
1193 1624
351 987
301 156
81 418
998 1510
1231 1086
1247 361
926 1661
826 1399
1708 208
773 840
342 311
848 1341
919 555
1452 1114
854 308
1690 1679
1484 1158
21 131
945 449
739 300
246 557
737 3
225 679
1578 76
157 467
1307 1645
753 478
1620 734
1427 918
1714 1543
640 223
438 116
1182 1165
1765 1693
277 1621
725 858
950 1539
1498 1243
573 1253
104 1580
934 392
229 1776
834 1759
1197 1441
1294 1763
940 340
1443 1210
1252 1790
1571 1076
16 990
636 1382
1357 37
47 685
899 1753
1208 1797
532 1692
158 733
22 163
657 1131
1536 742
530 506
931 543
1795 695
1749 444
50 288
154 362
806 1380
1792 1732
1405 262
1075 139
1039 888
1556 1061
233 1520
1378 1319
893 387
1420 215
1786 825
1524 1533
980 45
942 1052
146 1121
1757 944
1386 923
1270 1642
1681 694
385 1160
782 1414
1506 579
747 1673
29 1521
810 1020
862 1527
1105 565
84 1748
1508 566
1466 168
995 1112
36 661
461 1486
1447 234
1303 1603
1575 1213
622 381
1246 802
583 335
1626 408
114 905
969 401
807 648
350 209
432 1409
706 1663
328 440
1389 1458
31 224
1640 705
1722 1177
230 815
141 1687
1126 808
95 1162
200 1756
1315 602
1565 1678
1056 276
1609 283
455 700
1432 630
1738 1180
976 857
744 1150
1018 1677
650 653
343 1145
961 1567
1670 471
1577 1652
11 895
1051 1219
1611 795
1232 468
1653 1515
561 149
313 978
1430 492
1483 584
1586 502
1163 1332
400 1333
590 333
757 49
1576 892
51 1297
1583 374
376 1261
1545 1464
606 897
1192 686
703 1469
1610 710
814 242
415 1669
672 1044
1393 882
1459 820
1187 1618
83 1375
1001 1781
436 528
0
